#!ascii label  , from subject fsaverage vox2ras=TkReg
457
591  51.135  -23.287  4.070 0.0000000000
593  46.929  -31.255  8.915 0.0000000000
1311  44.202  -26.603  7.664 0.0000000000
2408  53.607  -19.213  2.698 0.0000000000
2415  41.709  -30.943  8.985 0.0000000000
2416  48.962  -27.305  6.350 0.0000000000
3231  40.985  -28.141  10.230 0.0000000000
5372  48.794  -23.012  4.784 0.0000000000
5374  52.292  -21.347  3.087 0.0000000000
5375  56.140  -19.571  2.964 0.0000000000
5376  54.798  -21.454  3.601 0.0000000000
5390  43.448  -33.185  10.409 0.0000000000
5391  40.932  -32.919  10.677 0.0000000000
5392  44.314  -31.289  8.580 0.0000000000
5393  45.253  -29.269  7.029 0.0000000000
5394  47.924  -29.307  7.575 0.0000000000
5396  55.718  -25.043  6.943 0.0000000000
6968  45.732  -24.698  7.480 0.0000000000
6969  47.481  -25.007  5.412 0.0000000000
9780  54.748  -16.959  2.473 0.0000000000
9801  39.684  -30.135  10.627 0.0000000000
9802  42.784  -28.757  7.892 0.0000000000
9803  46.340  -27.139  5.946 0.0000000000
9804  50.164  -25.389  5.318 0.0000000000
9805  51.602  -27.168  7.148 0.0000000000
9806  52.718  -25.205  6.345 0.0000000000
9807  53.841  -23.298  4.963 0.0000000000
13052  49.950  -23.196  4.141 0.0000000000
13054  51.663  -22.347  3.532 0.0000000000
13055  53.630  -21.396  3.206 0.0000000000
13056  52.951  -22.372  3.738 0.0000000000
13068  46.577  -32.181  9.733 0.0000000000
13069  44.850  -33.170  10.425 0.0000000000
13070  45.198  -32.230  9.552 0.0000000000
13071  43.846  -32.262  9.482 0.0000000000
13072  45.672  -31.293  8.728 0.0000000000
13073  46.109  -30.367  7.950 0.0000000000
13074  47.443  -30.269  8.196 0.0000000000
15452  43.432  -26.451  8.772 0.0000000000
15453  44.221  -25.489  8.630 0.0000000000
15454  44.975  -25.640  7.588 0.0000000000
15455  46.538  -24.815  6.300 0.0000000000
15456  45.716  -25.838  6.470 0.0000000000
21883  52.926  -17.921  3.357 0.0000000000
21884  54.197  -18.062  2.671 0.0000000000
21885  56.150  -17.178  2.428 0.0000000000
21886  55.541  -18.349  2.615 0.0000000000
21933  41.349  -31.962  9.761 0.0000000000
21934  39.774  -32.619  11.097 0.0000000000
21935  40.161  -31.609  10.276 0.0000000000
21936  39.123  -31.159  11.065 0.0000000000
21937  40.701  -30.554  9.615 0.0000000000
21938  41.249  -29.469  9.227 0.0000000000
21939  42.225  -29.849  8.350 0.0000000000
21940  47.108  -28.353  6.555 0.0000000000
21941  45.821  -28.190  6.412 0.0000000000
21942  47.697  -27.300  5.997 0.0000000000
21943  48.254  -26.317  5.503 0.0000000000
21944  49.627  -26.321  5.864 0.0000000000
21945  52.789  -28.099  7.649 0.0000000000
21946  51.187  -28.163  7.540 0.0000000000
21947  53.194  -27.045  7.326 0.0000000000
21949  54.151  -25.052  6.764 0.0000000000
21950  54.617  -24.158  6.231 0.0000000000
21951  53.303  -24.236  5.709 0.0000000000
21952  55.167  -23.290  5.567 0.0000000000
21953  55.755  -22.447  4.845 0.0000000000
24249  42.653  -27.363  8.939 0.0000000000
28106  52.965  -20.300  2.792 0.0000000000
28107  54.886  -19.429  2.666 0.0000000000
28108  54.226  -20.436  2.833 0.0000000000
28109  55.494  -20.519  3.189 0.0000000000
28133  43.140  -34.101  11.402 0.0000000000
28134  41.811  -34.030  11.491 0.0000000000
28135  40.580  -33.826  11.703 0.0000000000
28136  42.152  -33.138  10.496 0.0000000000
28137  42.527  -32.188  9.525 0.0000000000
28138  43.013  -31.171  8.590 0.0000000000
28139  43.455  -30.155  7.832 0.0000000000
28140  44.771  -30.310  7.756 0.0000000000
28141  46.562  -29.356  7.216 0.0000000000
28142  48.373  -28.300  6.933 0.0000000000
28144  55.323  -26.062  7.217 0.0000000000
31621  47.215  -23.871  6.102 0.0000000000
31622  48.134  -24.013  5.155 0.0000000000
31623  49.283  -24.192  4.615 0.0000000000
31645  48.398  -31.165  9.096 0.0000000000
31646  48.852  -30.199  8.377 0.0000000000
39576  55.260  -15.917  2.108 0.0000000000
39577  56.895  -16.067  2.042 0.0000000000
39580  56.890  -18.594  2.805 0.0000000000
39638  38.105  -30.681  12.058 0.0000000000
39639  38.716  -29.752  11.677 0.0000000000
39640  40.375  -29.112  10.375 0.0000000000
39641  41.919  -28.424  9.013 0.0000000000
39642  43.467  -27.646  7.727 0.0000000000
39643  43.890  -29.113  7.222 0.0000000000
39644  44.463  -27.927  6.749 0.0000000000
39645  45.102  -26.849  6.532 0.0000000000
39646  46.884  -26.142  5.655 0.0000000000
39647  48.815  -25.307  5.063 0.0000000000
39648  50.684  -24.349  4.687 0.0000000000
39649  49.338  -29.207  7.808 0.0000000000
39650  49.730  -28.235  7.309 0.0000000000
39651  50.237  -27.231  6.829 0.0000000000
39652  53.651  -26.062  7.079 0.0000000000
39653  52.139  -26.136  6.796 0.0000000000
39654  50.817  -26.222  6.333 0.0000000000
39655  51.450  -25.314  5.821 0.0000000000
39656  51.982  -24.334  5.150 0.0000000000
39657  52.485  -23.353  4.422 0.0000000000
39658  54.343  -22.388  4.241 0.0000000000
43772  50.552  -23.211  4.039 0.0000000000
43773  50.786  -22.749  3.806 0.0000000000
43774  51.400  -22.825  3.806 0.0000000000
43775  52.319  -22.362  3.598 0.0000000000
43776  52.038  -22.855  3.873 0.0000000000
43788  46.744  -31.729  9.331 0.0000000000
43789  45.877  -32.241  9.649 0.0000000000
43790  46.067  -31.750  9.223 0.0000000000
43791  45.419  -31.755  9.130 0.0000000000
43792  46.320  -31.251  8.799 0.0000000000
43793  46.525  -30.796  8.449 0.0000000000
43794  47.209  -30.767  8.546 0.0000000000
46172  43.835  -26.523  8.219 0.0000000000
46173  44.241  -26.043  8.182 0.0000000000
46174  44.562  -26.138  7.643 0.0000000000
46175  45.345  -25.722  7.019 0.0000000000
46176  44.939  -26.225  7.064 0.0000000000
52600  52.637  -19.675  2.941 0.0000000000
52602  52.937  -19.109  2.905 0.0000000000
52603  53.223  -18.537  2.939 0.0000000000
52604  53.894  -18.658  2.694 0.0000000000
52605  54.887  -18.210  2.589 0.0000000000
52606  54.567  -18.788  2.625 0.0000000000
52653  41.547  -31.443  9.340 0.0000000000
52654  40.766  -31.783  9.960 0.0000000000
52655  40.939  -31.272  9.599 0.0000000000
52656  40.378  -31.082  9.944 0.0000000000
52657  41.190  -30.763  9.262 0.0000000000
52658  41.438  -30.214  8.968 0.0000000000
52659  41.990  -30.403  8.629 0.0000000000
52660  48.005  -27.847  6.395 0.0000000000
52661  47.418  -27.799  6.251 0.0000000000
52662  48.350  -27.313  6.138 0.0000000000
52663  48.657  -26.826  5.880 0.0000000000
52664  49.311  -26.812  6.094 0.0000000000
52665  53.854  -27.549  7.543 0.0000000000
52666  52.979  -27.557  7.476 0.0000000000
52667  54.019  -27.049  7.409 0.0000000000
52669  55.409  -24.078  6.395 0.0000000000
52670  55.634  -23.677  6.105 0.0000000000
52671  54.901  -23.725  5.903 0.0000000000
52672  55.889  -23.284  5.803 0.0000000000
55772  40.534  -28.016  10.684 0.0000000000
55774  41.351  -27.700  10.076 0.0000000000
55775  42.218  -27.300  9.480 0.0000000000
55776  41.814  -27.783  9.590 0.0000000000
62200  51.367  -21.740  3.378 0.0000000000
62202  51.641  -21.254  3.206 0.0000000000
62203  51.948  -20.749  3.058 0.0000000000
62204  52.611  -20.844  2.907 0.0000000000
62205  53.614  -20.366  2.746 0.0000000000
62206  53.286  -20.880  2.903 0.0000000000
62207  54.203  -21.440  3.403 0.0000000000
62208  54.548  -20.959  3.175 0.0000000000
62209  55.146  -20.990  3.386 0.0000000000
62210  56.126  -20.556  3.421 0.0000000000
62211  55.785  -21.006  3.605 0.0000000000
62246  44.147  -33.188  10.399 0.0000000000
62247  44.003  -33.627  10.874 0.0000000000
62248  43.279  -33.654  10.906 0.0000000000
62250  42.598  -33.636  10.941 0.0000000000
62251  41.983  -33.598  10.988 0.0000000000
62252  42.791  -33.177  10.446 0.0000000000
62253  44.058  -31.795  9.034 0.0000000000
62254  43.171  -32.245  9.490 0.0000000000
62255  43.401  -31.757  9.017 0.0000000000
62256  42.752  -31.697  9.064 0.0000000000
62257  43.668  -31.241  8.554 0.0000000000
62258  43.882  -30.749  8.138 0.0000000000
62259  44.558  -30.802  8.158 0.0000000000
62260  47.019  -29.857  7.732 0.0000000000
62261  46.328  -29.880  7.569 0.0000000000
62262  47.232  -29.346  7.398 0.0000000000
62263  47.472  -28.830  7.058 0.0000000000
62264  48.134  -28.799  7.251 0.0000000000
69400  44.978  -25.106  8.060 0.0000000000
69401  44.585  -25.030  8.530 0.0000000000
69402  45.359  -24.644  7.978 0.0000000000
69404  46.089  -24.259  7.379 0.0000000000
69405  46.822  -23.840  6.693 0.0000000000
69406  46.454  -24.297  6.797 0.0000000000
69407  46.990  -24.899  5.819 0.0000000000
69408  47.331  -24.410  5.691 0.0000000000
69409  47.807  -24.520  5.305 0.0000000000
69410  48.653  -24.140  4.797 0.0000000000
69411  48.361  -24.624  5.012 0.0000000000
88690  53.760  -17.430  2.859 0.0000000000
88692  54.035  -16.908  2.749 0.0000000000
88693  54.271  -16.374  2.566 0.0000000000
88694  54.974  -16.455  2.278 0.0000000000
88695  56.080  -15.984  2.008 0.0000000000
88696  55.784  -16.512  2.207 0.0000000000
88697  56.903  -17.348  2.496 0.0000000000
88698  57.259  -16.796  2.361 0.0000000000
88702  55.478  -19.530  2.791 0.0000000000
88703  55.840  -19.016  2.725 0.0000000000
88704  56.478  -19.084  2.884 0.0000000000
88838  40.743  -33.399  11.192 0.0000000000
88840  40.116  -33.267  11.391 0.0000000000
88841  39.190  -32.415  11.399 0.0000000000
88848  39.414  -30.668  10.805 0.0000000000
88849  38.619  -30.932  11.544 0.0000000000
88850  38.899  -30.427  11.318 0.0000000000
88851  38.384  -30.228  11.863 0.0000000000
88852  39.195  -29.927  11.166 0.0000000000
88853  39.550  -29.429  11.043 0.0000000000
88854  40.030  -29.611  10.480 0.0000000000
88855  42.020  -29.144  8.544 0.0000000000
88856  41.612  -28.932  9.057 0.0000000000
88857  42.346  -28.580  8.405 0.0000000000
88858  42.678  -28.039  8.353 0.0000000000
88859  43.126  -28.193  7.769 0.0000000000
88860  44.332  -29.731  7.388 0.0000000000
88861  43.698  -29.629  7.503 0.0000000000
88862  44.543  -29.210  7.075 0.0000000000
88863  46.046  -27.663  6.150 0.0000000000
88864  45.112  -28.085  6.481 0.0000000000
88865  45.372  -27.523  6.326 0.0000000000
88866  44.781  -27.376  6.648 0.0000000000
88867  45.695  -27.000  6.159 0.0000000000
88868  46.002  -26.488  6.065 0.0000000000
88869  46.646  -26.627  5.800 0.0000000000
88870  49.192  -25.888  5.384 0.0000000000
88871  48.539  -25.823  5.293 0.0000000000
88872  49.486  -25.383  5.136 0.0000000000
88873  49.782  -24.843  4.837 0.0000000000
88874  50.476  -24.883  5.013 0.0000000000
88875  49.829  -29.658  8.167 0.0000000000
88876  49.089  -29.700  8.077 0.0000000000
88877  50.010  -29.163  7.866 0.0000000000
88878  51.401  -27.639  7.309 0.0000000000
88879  50.430  -28.214  7.428 0.0000000000
88880  50.677  -27.700  7.189 0.0000000000
88881  49.995  -27.740  7.059 0.0000000000
88882  50.876  -27.199  7.011 0.0000000000
88883  55.496  -25.538  7.097 0.0000000000
88884  54.469  -26.053  7.176 0.0000000000
88885  54.674  -25.541  7.034 0.0000000000
88886  53.417  -25.113  6.568 0.0000000000
88887  53.159  -25.594  6.784 0.0000000000
88888  52.430  -25.672  6.591 0.0000000000
88889  51.435  -26.197  6.588 0.0000000000
88890  51.769  -25.735  6.365 0.0000000000
88891  51.176  -25.758  6.103 0.0000000000
88892  52.095  -25.235  6.091 0.0000000000
88893  53.578  -23.775  5.336 0.0000000000
88894  52.637  -24.290  5.441 0.0000000000
88895  52.901  -23.797  5.069 0.0000000000
88896  52.242  -23.833  4.767 0.0000000000
88897  53.168  -23.312  4.676 0.0000000000
88898  53.410  -22.843  4.325 0.0000000000
88899  54.101  -22.851  4.616 0.0000000000
88901  56.001  -21.976  4.470 0.0000000000
93369  40.192  -28.422  10.857 0.0000000000
97222  49.325  -23.105  4.404 0.0000000000
97223  49.613  -22.554  4.183 0.0000000000
97224  50.195  -22.650  3.917 0.0000000000
97225  51.064  -22.235  3.558 0.0000000000
97226  51.972  -21.820  3.298 0.0000000000
97227  52.987  -21.371  3.068 0.0000000000
97228  52.614  -21.861  3.323 0.0000000000
97229  53.254  -21.883  3.448 0.0000000000
97230  53.856  -21.913  3.633 0.0000000000
97251  45.525  -33.151  10.497 0.0000000000
97252  45.707  -32.699  10.058 0.0000000000
97253  44.996  -32.721  9.989 0.0000000000
97254  44.329  -32.710  9.921 0.0000000000
97255  43.684  -32.698  9.890 0.0000000000
97256  44.529  -32.245  9.492 0.0000000000
97257  44.742  -31.790  9.079 0.0000000000
97258  44.982  -31.310  8.648 0.0000000000
97259  45.209  -30.848  8.229 0.0000000000
97260  45.862  -30.845  8.339 0.0000000000
97261  46.779  -30.331  8.080 0.0000000000
97262  47.695  -29.787  7.855 0.0000000000
101542  43.004  -26.354  9.281 0.0000000000
101544  43.830  -25.953  8.701 0.0000000000
101545  44.589  -25.581  8.137 0.0000000000
101546  45.347  -25.174  7.533 0.0000000000
101547  46.116  -24.754  6.865 0.0000000000
101548  45.742  -25.224  6.945 0.0000000000
101549  46.135  -25.315  6.394 0.0000000000
101550  46.625  -25.415  5.925 0.0000000000
113117  52.136  -18.403  3.875 0.0000000000
113118  52.616  -18.459  3.379 0.0000000000
113119  53.494  -17.976  2.952 0.0000000000
113120  54.472  -17.507  2.630 0.0000000000
113121  55.485  -17.048  2.395 0.0000000000
113122  55.179  -17.620  2.532 0.0000000000
113123  55.864  -17.763  2.535 0.0000000000
113124  56.559  -17.923  2.602 0.0000000000
113125  56.785  -19.629  3.146 0.0000000000
113126  57.113  -19.156  3.052 0.0000000000
113207  41.152  -32.443  10.201 0.0000000000
113208  40.327  -32.790  10.862 0.0000000000
113209  40.572  -32.292  10.403 0.0000000000
113210  39.999  -32.122  10.662 0.0000000000
113211  39.415  -31.926  10.974 0.0000000000
113212  38.852  -31.674  11.384 0.0000000000
113213  39.631  -31.382  10.635 0.0000000000
113214  39.910  -30.847  10.305 0.0000000000
113215  40.193  -30.344  10.088 0.0000000000
113216  40.471  -29.816  9.923 0.0000000000
113217  40.934  -30.001  9.394 0.0000000000
113218  41.708  -29.661  8.739 0.0000000000
113219  42.505  -29.295  8.121 0.0000000000
113220  46.185  -28.830  6.754 0.0000000000
113221  45.525  -28.738  6.718 0.0000000000
113222  46.470  -28.298  6.448 0.0000000000
113223  46.744  -27.774  6.146 0.0000000000
113224  47.019  -27.258  5.930 0.0000000000
113225  47.317  -26.737  5.704 0.0000000000
113226  47.979  -26.815  5.760 0.0000000000
113227  48.949  -26.343  5.643 0.0000000000
113228  49.923  -25.851  5.602 0.0000000000
113231  51.975  -28.102  7.581 0.0000000000
113232  52.165  -27.582  7.414 0.0000000000
113233  52.372  -27.116  7.260 0.0000000000
113235  54.896  -25.027  6.886 0.0000000000
113236  55.136  -24.544  6.694 0.0000000000
113237  54.378  -24.590  6.522 0.0000000000
113238  53.672  -24.648  6.300 0.0000000000
113239  53.008  -24.705  6.044 0.0000000000
113240  53.987  -24.178  5.982 0.0000000000
113241  54.241  -23.742  5.636 0.0000000000
113242  54.515  -23.304  5.256 0.0000000000
113243  54.794  -22.891  4.932 0.0000000000
113244  55.478  -22.878  5.230 0.0000000000
118021  42.606  -26.836  9.362 0.0000000000
118022  43.038  -26.924  8.846 0.0000000000
118023  43.470  -26.974  8.264 0.0000000000
127021  52.300  -20.236  2.973 0.0000000000
127022  53.290  -19.757  2.713 0.0000000000
127023  54.273  -19.312  2.626 0.0000000000
127024  53.979  -19.837  2.636 0.0000000000
127025  54.531  -19.957  2.733 0.0000000000
127026  55.175  -20.010  2.877 0.0000000000
127027  53.936  -20.920  3.004 0.0000000000
127028  54.854  -20.491  2.989 0.0000000000
127029  55.829  -20.049  3.054 0.0000000000
127030  56.456  -20.097  3.262 0.0000000000
127081  44.692  -33.614  10.907 0.0000000000
127082  43.878  -34.062  11.360 0.0000000000
127086  41.062  -34.371  12.076 0.0000000000
127088  41.197  -33.934  11.570 0.0000000000
127089  41.358  -33.499  11.061 0.0000000000
127090  41.533  -33.048  10.564 0.0000000000
127091  42.962  -32.705  9.947 0.0000000000
127092  42.316  -32.659  9.977 0.0000000000
127093  41.738  -32.569  10.070 0.0000000000
127094  41.920  -32.099  9.620 0.0000000000
127095  42.152  -31.591  9.168 0.0000000000
127096  42.401  -31.060  8.695 0.0000000000
127097  42.592  -30.551  8.367 0.0000000000
127098  43.225  -30.662  8.200 0.0000000000
127099  44.086  -30.244  7.746 0.0000000000
127100  44.974  -29.799  7.359 0.0000000000
127101  45.445  -30.357  7.834 0.0000000000
127102  45.661  -29.872  7.438 0.0000000000
127103  45.919  -29.326  7.081 0.0000000000
127104  46.832  -28.858  6.862 0.0000000000
127105  47.735  -28.341  6.724 0.0000000000
127106  48.631  -27.818  6.613 0.0000000000
136299  47.972  -23.446  5.462 0.0000000000
136300  46.870  -24.334  6.177 0.0000000000
136301  47.654  -23.923  5.591 0.0000000000
136302  48.449  -23.503  4.988 0.0000000000
136303  48.998  -23.625  4.622 0.0000000000
136304  49.600  -23.692  4.397 0.0000000000
136305  50.229  -23.729  4.312 0.0000000000
136362  47.468  -31.680  9.417 0.0000000000
136363  47.626  -31.218  9.020 0.0000000000
136364  47.908  -30.736  8.629 0.0000000000
136365  48.623  -30.688  8.711 0.0000000000
136372  53.638  -28.117  7.687 0.0000000000
159679  52.454  -17.887  3.846 0.0000000000
159683  54.494  -15.851  2.393 0.0000000000
159688  56.539  -16.631  2.251 0.0000000000
159689  57.621  -16.243  2.182 0.0000000000
159694  55.213  -18.896  2.625 0.0000000000
159695  56.219  -18.480  2.692 0.0000000000
159696  57.242  -18.102  2.704 0.0000000000
159697  57.517  -18.672  2.948 0.0000000000
159698  57.893  -18.155  2.857 0.0000000000
159868  38.332  -31.428  11.826 0.0000000000
159874  39.017  -29.242  11.548 0.0000000000
159875  39.871  -28.927  10.957 0.0000000000
159876  40.666  -28.622  10.353 0.0000000000
159877  40.817  -29.294  9.786 0.0000000000
159878  41.148  -28.807  9.706 0.0000000000
159879  41.473  -28.284  9.636 0.0000000000
159880  42.293  -27.881  8.962 0.0000000000
159881  43.072  -27.486  8.311 0.0000000000
159882  43.843  -27.103  7.655 0.0000000000
159883  42.837  -30.032  8.009 0.0000000000
159884  43.069  -29.472  7.757 0.0000000000
159885  43.307  -28.916  7.512 0.0000000000
159886  44.837  -28.649  6.780 0.0000000000
159887  44.180  -28.517  6.980 0.0000000000
159888  43.615  -28.345  7.312 0.0000000000
159889  43.950  -27.784  7.183 0.0000000000
159890  44.269  -27.241  7.102 0.0000000000
159891  44.610  -26.725  7.056 0.0000000000
159892  45.429  -26.346  6.488 0.0000000000
159893  46.319  -25.979  5.953 0.0000000000
159894  47.219  -25.575  5.547 0.0000000000
159895  47.612  -26.218  5.517 0.0000000000
159896  47.868  -25.722  5.347 0.0000000000
159897  48.151  -25.172  5.157 0.0000000000
159898  49.075  -24.741  4.823 0.0000000000
159899  50.030  -24.279  4.586 0.0000000000
159900  50.937  -23.818  4.378 0.0000000000
159901  48.145  -30.242  8.302 0.0000000000
159902  48.376  -29.737  7.976 0.0000000000
159903  48.607  -29.251  7.706 0.0000000000
159904  50.242  -28.696  7.656 0.0000000000
159905  49.515  -28.731  7.557 0.0000000000
159906  48.815  -28.759  7.422 0.0000000000
159907  49.044  -28.266  7.137 0.0000000000
159908  49.313  -27.778  6.865 0.0000000000
159909  49.584  -27.269  6.598 0.0000000000
159910  54.248  -26.537  7.275 0.0000000000
159911  53.421  -26.570  7.202 0.0000000000
159912  52.611  -26.624  7.110 0.0000000000
159913  53.906  -25.555  6.933 0.0000000000
159914  52.873  -26.100  6.966 0.0000000000
159915  51.842  -26.658  6.977 0.0000000000
159916  51.146  -26.686  6.800 0.0000000000
159917  50.509  -26.728  6.586 0.0000000000
159918  49.896  -26.760  6.341 0.0000000000
159919  50.241  -26.272  6.096 0.0000000000
159920  50.523  -25.844  5.845 0.0000000000
159921  50.812  -25.369  5.556 0.0000000000
159922  52.350  -24.757  5.778 0.0000000000
159923  51.733  -24.845  5.498 0.0000000000
159924  51.064  -24.896  5.216 0.0000000000
159925  51.323  -24.361  4.879 0.0000000000
159926  51.547  -23.873  4.531 0.0000000000
159927  51.796  -23.362  4.217 0.0000000000
159928  52.758  -22.852  4.068 0.0000000000
159929  53.655  -22.377  3.969 0.0000000000
159930  54.597  -21.919  3.891 0.0000000000
159931  55.036  -22.415  4.533 0.0000000000
159932  55.284  -21.943  4.167 0.0000000000
159933  55.557  -21.460  3.862 0.0000000000
