#!ascii label  , from subject fsaverage vox2ras=TkReg
580
358  55.462  -19.116  -15.551 0.0000000000
638  49.501  -10.608  -20.884 0.0000000000
1430  61.080  -14.337  -17.277 0.0000000000
1431  52.247  -15.301  -19.269 0.0000000000
1432  57.836  -9.735  -21.386 0.0000000000
1433  54.515  -6.565  -23.941 0.0000000000
1794  50.414  -22.951  -13.667 0.0000000000
1796  63.661  -18.596  -14.511 0.0000000000
2548  48.266  -18.473  -15.594 0.0000000000
5725  52.887  -21.166  -14.725 0.0000000000
5726  49.176  -20.787  -14.829 0.0000000000
5727  51.402  -19.248  -16.509 0.0000000000
5728  50.529  -12.997  -20.285 0.0000000000
5729  48.873  -14.648  -18.359 0.0000000000
5734  48.810  -8.157  -20.737 0.0000000000
5736  52.122  -5.004  -24.729 0.0000000000
5737  54.610  -2.383  -26.368 0.0000000000
7180  58.554  -16.883  -16.375 0.0000000000
7181  54.142  -17.469  -17.834 0.0000000000
7182  56.833  -15.078  -18.705 0.0000000000
7183  54.844  -12.982  -20.539 0.0000000000
7184  53.188  -10.798  -22.014 0.0000000000
7185  51.453  -8.873  -22.698 0.0000000000
7186  56.464  -8.007  -22.901 0.0000000000
8023  51.738  -24.990  -12.563 0.0000000000
8024  54.341  -23.167  -13.584 0.0000000000
8025  56.892  -20.988  -14.286 0.0000000000
8028  59.732  -18.464  -14.537 0.0000000000
8029  62.424  -16.325  -15.354 0.0000000000
10198  47.266  -22.060  -12.903 0.0000000000
10199  46.837  -19.516  -13.141 0.0000000000
10200  47.030  -16.992  -13.321 0.0000000000
10201  50.001  -17.155  -17.652 0.0000000000
10202  47.737  -15.953  -15.994 0.0000000000
10210  49.946  -6.732  -22.785 0.0000000000
13405  54.081  -20.176  -15.149 0.0000000000
13406  52.125  -20.170  -15.598 0.0000000000
13407  53.448  -19.262  -16.215 0.0000000000
13408  49.961  -11.790  -20.627 0.0000000000
13409  49.099  -12.614  -19.605 0.0000000000
13410  48.695  -11.344  -19.857 0.0000000000
13412  48.463  -10.101  -19.805 0.0000000000
13413  48.401  -8.844  -19.508 0.0000000000
13414  49.078  -9.433  -20.862 0.0000000000
15805  59.991  -15.641  -16.829 0.0000000000
15806  57.808  -16.057  -17.687 0.0000000000
15807  59.035  -14.679  -18.061 0.0000000000
15808  58.629  -10.809  -20.339 0.0000000000
15809  57.107  -12.593  -20.119 0.0000000000
15810  56.301  -11.559  -21.051 0.0000000000
15811  53.927  -11.930  -21.329 0.0000000000
15812  55.556  -10.424  -21.944 0.0000000000
15813  54.840  -9.423  -22.559 0.0000000000
15814  57.219  -8.785  -22.215 0.0000000000
17602  56.415  -23.061  -13.811 0.0000000000
17603  55.635  -22.156  -14.022 0.0000000000
17604  57.800  -22.007  -14.170 0.0000000000
17608  64.206  -20.023  -14.209 0.0000000000
17610  62.720  -19.666  -14.157 0.0000000000
17611  60.617  -19.562  -14.259 0.0000000000
17612  61.929  -18.410  -14.381 0.0000000000
17613  61.115  -17.386  -14.868 0.0000000000
17614  63.002  -17.266  -14.796 0.0000000000
22930  49.278  -23.783  -13.057 0.0000000000
22931  47.679  -23.295  -12.712 0.0000000000
22932  48.652  -22.657  -13.540 0.0000000000
22933  48.715  -19.602  -15.301 0.0000000000
22934  47.797  -20.235  -14.224 0.0000000000
22935  47.523  -19.024  -14.416 0.0000000000
22937  47.348  -17.808  -14.559 0.0000000000
22938  53.218  -16.481  -18.582 0.0000000000
22939  51.911  -17.458  -17.968 0.0000000000
22940  51.072  -16.253  -18.530 0.0000000000
22942  48.209  -15.336  -17.200 0.0000000000
22944  47.449  -15.242  -14.633 0.0000000000
22960  52.840  -7.753  -23.415 0.0000000000
22961  50.726  -7.819  -22.707 0.0000000000
22962  51.725  -6.958  -23.596 0.0000000000
22963  51.244  -3.928  -25.030 0.0000000000
22964  50.209  -4.806  -24.062 0.0000000000
22965  49.667  -3.652  -24.062 0.0000000000
24464  59.861  -9.064  -20.530 0.0000000000
25544  64.483  -19.043  -14.943 0.0000000000
25545  64.042  -17.717  -15.253 0.0000000000
28735  51.637  -22.156  -14.217 0.0000000000
28736  49.773  -21.914  -14.295 0.0000000000
28737  50.932  -21.037  -14.962 0.0000000000
28738  50.296  -20.034  -15.727 0.0000000000
28739  49.603  -18.976  -16.275 0.0000000000
28740  51.315  -14.184  -19.847 0.0000000000
28741  50.263  -15.076  -19.004 0.0000000000
28742  49.638  -13.858  -19.357 0.0000000000
28751  48.490  -7.495  -19.385 0.0000000000
28752  48.670  -6.878  -20.636 0.0000000000
28753  55.964  -5.206  -24.474 0.0000000000
28754  53.177  -5.949  -24.337 0.0000000000
28755  54.739  -4.699  -25.055 0.0000000000
28756  53.471  -3.840  -25.519 0.0000000000
28757  52.336  -2.806  -26.033 0.0000000000
28758  51.080  -1.717  -26.191 0.0000000000
28759  53.123  -1.587  -26.746 0.0000000000
32110  56.974  -18.052  -15.941 0.0000000000
32111  54.867  -18.303  -16.711 0.0000000000
32112  56.409  -17.242  -17.189 0.0000000000
32113  55.510  -16.401  -18.326 0.0000000000
32114  54.488  -15.302  -19.160 0.0000000000
32115  57.985  -13.659  -19.090 0.0000000000
32116  55.826  -14.031  -19.653 0.0000000000
32117  53.450  -14.282  -19.907 0.0000000000
32118  52.525  -13.168  -20.641 0.0000000000
32119  51.745  -12.008  -21.234 0.0000000000
32120  51.003  -10.847  -21.645 0.0000000000
32121  50.441  -9.818  -21.803 0.0000000000
32122  52.320  -9.809  -22.446 0.0000000000
32123  53.841  -8.602  -23.071 0.0000000000
32124  55.546  -7.300  -23.518 0.0000000000
34388  49.897  -24.846  -12.526 0.0000000000
34389  51.113  -23.977  -12.993 0.0000000000
34391  53.060  -24.096  -13.048 0.0000000000
34392  52.338  -23.082  -13.538 0.0000000000
34393  53.576  -22.167  -14.033 0.0000000000
34394  54.771  -21.111  -14.398 0.0000000000
34395  56.061  -19.965  -14.651 0.0000000000
34402  59.180  -20.861  -14.267 0.0000000000
34403  58.260  -19.756  -14.376 0.0000000000
34404  57.444  -18.810  -14.914 0.0000000000
34405  59.046  -17.672  -15.268 0.0000000000
34406  60.531  -16.542  -15.709 0.0000000000
34407  61.779  -15.391  -16.188 0.0000000000
34408  63.563  -16.479  -15.529 0.0000000000
40831  48.173  -21.458  -13.931 0.0000000000
40832  47.033  -20.801  -13.126 0.0000000000
40837  52.654  -18.443  -17.225 0.0000000000
40838  50.688  -18.270  -17.186 0.0000000000
40839  49.038  -17.887  -16.653 0.0000000000
40840  49.338  -15.919  -18.017 0.0000000000
40841  48.595  -16.606  -16.961 0.0000000000
40842  47.931  -17.254  -15.836 0.0000000000
40864  49.868  -8.639  -21.824 0.0000000000
40865  49.340  -7.421  -21.764 0.0000000000
40867  50.755  -5.881  -23.789 0.0000000000
40868  49.445  -5.518  -22.831 0.0000000000
40869  48.909  -4.953  -21.514 0.0000000000
44125  54.787  -19.630  -15.354 0.0000000000
44126  53.800  -19.707  -15.656 0.0000000000
44127  54.440  -19.222  -15.892 0.0000000000
44128  49.712  -11.184  -20.810 0.0000000000
44129  49.280  -11.608  -20.271 0.0000000000
44130  49.078  -11.008  -20.375 0.0000000000
44131  48.562  -10.758  -19.845 0.0000000000
44132  48.931  -10.392  -20.392 0.0000000000
44133  48.761  -9.784  -20.351 0.0000000000
44134  49.275  -10.048  -20.893 0.0000000000
46525  60.552  -15.015  -17.095 0.0000000000
46526  59.531  -15.153  -17.492 0.0000000000
46527  60.101  -14.460  -17.649 0.0000000000
46528  58.232  -10.260  -20.864 0.0000000000
46529  57.520  -11.165  -20.711 0.0000000000
46530  57.068  -10.654  -21.248 0.0000000000
46531  55.932  -10.965  -21.537 0.0000000000
46532  56.749  -10.068  -21.706 0.0000000000
46533  56.474  -9.567  -22.095 0.0000000000
46534  57.554  -9.228  -21.848 0.0000000000
48323  57.093  -22.570  -14.016 0.0000000000
48324  58.244  -22.534  -14.047 0.0000000000
48328  63.922  -19.271  -14.356 0.0000000000
48329  63.601  -19.809  -14.159 0.0000000000
48330  63.251  -19.114  -14.282 0.0000000000
48331  62.419  -18.986  -14.265 0.0000000000
48332  62.959  -18.445  -14.376 0.0000000000
48333  62.526  -17.815  -14.540 0.0000000000
48334  63.293  -17.950  -14.620 0.0000000000
53650  49.852  -23.384  -13.364 0.0000000000
53651  48.982  -23.236  -13.321 0.0000000000
53652  49.541  -22.846  -13.671 0.0000000000
53653  48.450  -19.047  -15.420 0.0000000000
53654  48.042  -19.337  -14.902 0.0000000000
53655  47.861  -18.754  -14.999 0.0000000000
53656  47.401  -18.409  -14.488 0.0000000000
53657  47.727  -18.166  -15.102 0.0000000000
53658  52.748  -15.871  -18.955 0.0000000000
53659  52.087  -16.391  -18.627 0.0000000000
53660  51.625  -15.790  -18.931 0.0000000000
53680  53.701  -7.226  -23.675 0.0000000000
53681  52.326  -7.352  -23.520 0.0000000000
53682  53.091  -6.800  -23.844 0.0000000000
53683  50.766  -3.339  -25.170 0.0000000000
53684  50.336  -3.825  -24.615 0.0000000000
53685  49.962  -3.232  -24.657 0.0000000000
56131  60.212  -9.675  -20.034 0.0000000000
57932  64.695  -19.396  -15.314 0.0000000000
57933  64.483  -18.615  -15.366 0.0000000000
63250  52.272  -21.674  -14.461 0.0000000000
63251  51.263  -21.619  -14.570 0.0000000000
63252  51.858  -21.128  -14.860 0.0000000000
63253  51.752  -19.705  -16.058 0.0000000000
63254  51.161  -20.110  -15.729 0.0000000000
63255  50.829  -19.629  -16.155 0.0000000000
63256  49.916  -19.513  -16.008 0.0000000000
63257  50.440  -19.133  -16.463 0.0000000000
63258  50.910  -13.599  -20.084 0.0000000000
63259  50.397  -14.047  -19.661 0.0000000000
63260  50.075  -13.435  -19.852 0.0000000000
63275  48.578  -8.536  -20.125 0.0000000000
63276  48.446  -8.172  -19.468 0.0000000000
63277  48.524  -7.834  -20.110 0.0000000000
63278  48.530  -7.224  -20.045 0.0000000000
63279  48.707  -7.526  -20.705 0.0000000000
63281  55.415  -4.951  -24.756 0.0000000000
63282  56.148  -4.194  -25.077 0.0000000000
63283  55.352  -2.731  -25.952 0.0000000000
63284  54.794  -3.488  -25.587 0.0000000000
63285  54.150  -3.083  -25.931 0.0000000000
63286  52.911  -3.303  -25.774 0.0000000000
63287  53.432  -2.652  -26.234 0.0000000000
63288  52.698  -2.290  -26.399 0.0000000000
63289  53.889  -2.059  -26.556 0.0000000000
70450  57.775  -17.478  -16.177 0.0000000000
70451  56.562  -17.682  -16.593 0.0000000000
70452  57.425  -17.097  -16.787 0.0000000000
70453  57.356  -15.580  -18.238 0.0000000000
70454  56.676  -16.255  -18.058 0.0000000000
70455  56.130  -15.778  -18.519 0.0000000000
70456  55.044  -15.875  -18.731 0.0000000000
70457  55.628  -15.244  -18.980 0.0000000000
70459  59.033  -13.431  -18.712 0.0000000000
70460  58.652  -12.821  -19.215 0.0000000000
70461  55.966  -12.832  -20.361 0.0000000000
70462  56.464  -13.323  -19.889 0.0000000000
70463  55.272  -13.543  -20.107 0.0000000000
70464  54.659  -14.174  -19.848 0.0000000000
70465  54.089  -13.684  -20.236 0.0000000000
70466  52.886  -13.754  -20.234 0.0000000000
70467  53.640  -13.127  -20.633 0.0000000000
70468  53.577  -11.378  -21.708 0.0000000000
70469  52.907  -11.985  -21.327 0.0000000000
70470  52.426  -11.447  -21.619 0.0000000000
70471  51.346  -11.409  -21.387 0.0000000000
70472  52.015  -10.867  -21.884 0.0000000000
70473  51.629  -10.355  -22.051 0.0000000000
70474  52.708  -10.318  -22.243 0.0000000000
70475  55.627  -8.707  -22.777 0.0000000000
70476  54.341  -9.036  -22.857 0.0000000000
70477  55.133  -8.370  -23.066 0.0000000000
70478  54.651  -8.039  -23.345 0.0000000000
70479  55.930  -7.695  -23.264 0.0000000000
75830  51.108  -25.443  -12.354 0.0000000000
75831  50.203  -25.358  -12.292 0.0000000000
75832  50.830  -24.894  -12.550 0.0000000000
75833  50.471  -24.440  -12.781 0.0000000000
75834  51.421  -24.446  -12.754 0.0000000000
75838  54.680  -23.638  -13.410 0.0000000000
75840  53.678  -23.654  -13.285 0.0000000000
75841  52.705  -23.602  -13.239 0.0000000000
75842  53.324  -23.182  -13.514 0.0000000000
75843  52.896  -22.641  -13.783 0.0000000000
75844  53.887  -22.665  -13.752 0.0000000000
75845  56.303  -21.593  -14.200 0.0000000000
75846  55.190  -21.623  -14.192 0.0000000000
75847  55.782  -21.062  -14.314 0.0000000000
75848  55.417  -20.520  -14.535 0.0000000000
75849  56.454  -20.442  -14.354 0.0000000000
75866  59.686  -21.398  -14.182 0.0000000000
75867  60.509  -20.740  -14.172 0.0000000000
75868  60.200  -18.989  -14.397 0.0000000000
75869  59.506  -19.619  -14.347 0.0000000000
75870  58.947  -19.152  -14.428 0.0000000000
75871  57.833  -19.241  -14.538 0.0000000000
75872  58.553  -18.645  -14.680 0.0000000000
75873  58.215  -18.240  -15.066 0.0000000000
75874  59.311  -18.063  -14.842 0.0000000000
75875  61.770  -16.856  -15.099 0.0000000000
75876  60.833  -16.941  -15.249 0.0000000000
75877  61.512  -16.370  -15.501 0.0000000000
75878  61.197  -15.956  -15.939 0.0000000000
75879  62.088  -15.858  -15.729 0.0000000000
75880  64.107  -17.348  -15.675 0.0000000000
75881  63.800  -17.091  -15.340 0.0000000000
91832  46.698  -21.675  -12.432 0.0000000000
91833  49.412  -21.340  -14.577 0.0000000000
91834  48.916  -21.716  -14.174 0.0000000000
91835  48.638  -21.140  -14.375 0.0000000000
91836  47.261  -19.877  -13.735 0.0000000000
91837  47.402  -20.523  -13.669 0.0000000000
91838  46.929  -20.161  -13.157 0.0000000000
91839  46.619  -20.418  -12.597 0.0000000000
91843  46.895  -17.605  -13.252 0.0000000000
91845  46.946  -17.223  -12.600 0.0000000000
91847  47.143  -16.613  -12.677 0.0000000000
91848  54.529  -17.887  -17.315 0.0000000000
91849  53.750  -18.399  -17.043 0.0000000000
91850  53.404  -17.944  -17.558 0.0000000000
91851  50.924  -17.328  -17.861 0.0000000000
91852  51.281  -17.872  -17.605 0.0000000000
91853  50.363  -17.728  -17.449 0.0000000000
91854  49.797  -18.074  -16.959 0.0000000000
91855  49.500  -17.532  -17.180 0.0000000000
91856  49.497  -14.885  -18.722 0.0000000000
91857  49.787  -15.497  -18.535 0.0000000000
91858  49.101  -15.267  -18.233 0.0000000000
91859  47.957  -15.666  -16.606 0.0000000000
91860  48.397  -15.977  -17.113 0.0000000000
91861  48.104  -16.300  -16.518 0.0000000000
91862  48.256  -16.947  -16.396 0.0000000000
91863  47.810  -16.616  -15.910 0.0000000000
91865  47.505  -16.245  -15.301 0.0000000000
91915  50.952  -9.351  -22.254 0.0000000000
91916  50.145  -9.211  -21.819 0.0000000000
91917  50.611  -8.767  -22.279 0.0000000000
91918  50.292  -7.282  -22.787 0.0000000000
91919  49.954  -7.673  -22.299 0.0000000000
91920  49.562  -7.075  -22.351 0.0000000000
91921  49.074  -6.799  -21.806 0.0000000000
91922  49.365  -6.444  -22.274 0.0000000000
91923  52.589  -5.517  -24.538 0.0000000000
91924  51.866  -5.987  -24.147 0.0000000000
91925  51.438  -5.445  -24.315 0.0000000000
91927  49.705  -5.160  -23.463 0.0000000000
91929  49.065  -5.239  -22.213 0.0000000000
91945  51.476  -1.246  -26.531 0.0000000000
91946  50.573  -1.224  -26.127 0.0000000000
97855  53.470  -20.665  -14.931 0.0000000000
97856  52.522  -20.658  -15.126 0.0000000000
97857  53.194  -20.172  -15.402 0.0000000000
97858  52.738  -19.734  -15.903 0.0000000000
97859  52.394  -19.296  -16.383 0.0000000000
97860  50.230  -12.395  -20.470 0.0000000000
97861  49.740  -12.814  -19.982 0.0000000000
97862  49.516  -12.230  -20.143 0.0000000000
97863  48.890  -12.002  -19.737 0.0000000000
97868  48.169  -9.771  -19.113 0.0000000000
97869  48.216  -9.153  -18.931 0.0000000000
97870  48.403  -9.471  -19.676 0.0000000000
97871  48.653  -9.135  -20.215 0.0000000000
97872  48.960  -8.840  -20.767 0.0000000000
102175  59.332  -16.243  -16.574 0.0000000000
102176  58.218  -16.487  -17.007 0.0000000000
102177  58.894  -15.844  -17.256 0.0000000000
102178  58.472  -15.362  -17.888 0.0000000000
102179  57.993  -14.889  -18.428 0.0000000000
102180  58.943  -11.417  -19.865 0.0000000000
102181  58.216  -12.298  -19.755 0.0000000000
102182  57.871  -11.730  -20.252 0.0000000000
102183  56.712  -12.064  -20.571 0.0000000000
102184  55.533  -12.320  -20.800 0.0000000000
102185  54.409  -12.480  -20.927 0.0000000000
102186  55.157  -11.765  -21.248 0.0000000000
102187  54.691  -11.250  -21.670 0.0000000000
102188  54.354  -10.679  -22.029 0.0000000000
102189  53.972  -10.153  -22.313 0.0000000000
102190  55.241  -9.911  -22.282 0.0000000000
102191  56.047  -9.141  -22.456 0.0000000000
102192  56.863  -8.378  -22.598 0.0000000000
105404  51.425  -25.934  -12.200 0.0000000000
105405  52.077  -25.464  -12.414 0.0000000000
105409  55.704  -23.584  -13.552 0.0000000000
105410  55.323  -23.177  -13.659 0.0000000000
105411  54.986  -22.665  -13.833 0.0000000000
105412  56.004  -22.663  -13.916 0.0000000000
105413  56.706  -22.100  -14.122 0.0000000000
105414  57.397  -21.527  -14.242 0.0000000000
105424  62.143  -20.221  -14.046 0.0000000000
105425  61.170  -20.144  -14.136 0.0000000000
105426  61.788  -19.527  -14.159 0.0000000000
105427  61.322  -18.957  -14.318 0.0000000000
105428  60.892  -18.390  -14.434 0.0000000000
105429  60.470  -17.870  -14.676 0.0000000000
105430  61.564  -17.787  -14.566 0.0000000000
105431  62.171  -17.262  -14.762 0.0000000000
105432  62.630  -16.822  -15.020 0.0000000000
115000  48.748  -24.157  -12.723 0.0000000000
115001  47.921  -23.909  -12.544 0.0000000000
115002  48.461  -23.587  -12.956 0.0000000000
115003  48.158  -22.999  -13.158 0.0000000000
115004  47.899  -22.377  -13.278 0.0000000000
115005  48.898  -20.192  -15.066 0.0000000000
115006  48.410  -20.527  -14.588 0.0000000000
115007  48.239  -19.927  -14.773 0.0000000000
115008  47.640  -19.597  -14.336 0.0000000000
115009  47.157  -19.278  -13.756 0.0000000000
115010  46.824  -18.884  -13.210 0.0000000000
115011  47.123  -18.650  -13.894 0.0000000000
115012  47.075  -18.023  -13.894 0.0000000000
115013  47.106  -17.403  -13.959 0.0000000000
115014  53.691  -16.970  -18.281 0.0000000000
115015  53.029  -17.460  -17.990 0.0000000000
115016  52.579  -16.970  -18.326 0.0000000000
115017  51.495  -16.863  -18.259 0.0000000000
115018  50.513  -16.725  -18.100 0.0000000000
115019  48.321  -14.398  -17.862 0.0000000000
115020  48.544  -14.996  -17.814 0.0000000000
115024  47.490  -15.601  -15.302 0.0000000000
115025  47.518  -15.022  -15.344 0.0000000000
115054  52.188  -8.304  -23.050 0.0000000000
115055  51.057  -8.336  -22.694 0.0000000000
115056  51.656  -7.843  -23.098 0.0000000000
115057  51.120  -7.385  -23.131 0.0000000000
115058  50.724  -6.905  -23.253 0.0000000000
115059  51.715  -4.447  -24.922 0.0000000000
115060  51.042  -4.941  -24.467 0.0000000000
115061  50.765  -4.362  -24.585 0.0000000000
115062  49.902  -4.228  -24.078 0.0000000000
118517  59.936  -11.183  -19.429 0.0000000000
118518  59.623  -10.502  -19.940 0.0000000000
118519  59.298  -9.934  -20.453 0.0000000000
118520  58.878  -9.429  -21.012 0.0000000000
121039  64.407  -19.507  -14.536 0.0000000000
121040  64.137  -18.763  -14.689 0.0000000000
121041  63.873  -18.115  -14.807 0.0000000000
121042  64.258  -18.319  -15.049 0.0000000000
121043  64.293  -17.954  -15.546 0.0000000000
121044  64.259  -17.668  -16.061 0.0000000000
128485  51.025  -22.584  -13.946 0.0000000000
128486  50.100  -22.469  -13.989 0.0000000000
128487  50.602  -22.065  -14.275 0.0000000000
128488  50.320  -21.490  -14.645 0.0000000000
128489  50.008  -20.965  -14.960 0.0000000000
128490  51.551  -20.614  -15.267 0.0000000000
128491  50.589  -20.566  -15.362 0.0000000000
128492  49.736  -20.403  -15.288 0.0000000000
128493  49.417  -19.863  -15.550 0.0000000000
128494  49.143  -19.299  -15.773 0.0000000000
128495  48.898  -18.752  -15.962 0.0000000000
128496  51.735  -14.746  -19.568 0.0000000000
128497  51.174  -15.224  -19.230 0.0000000000
128498  50.749  -14.630  -19.459 0.0000000000
128499  49.942  -14.477  -19.186 0.0000000000
128500  49.237  -14.257  -18.855 0.0000000000
128501  49.317  -13.237  -19.461 0.0000000000
128502  48.971  -13.629  -18.938 0.0000000000
128503  48.616  -14.015  -18.402 0.0000000000
128521  48.357  -8.476  -18.795 0.0000000000
128524  48.624  -6.921  -19.212 0.0000000000
128525  48.672  -6.564  -19.847 0.0000000000
128527  55.358  -5.842  -24.190 0.0000000000
128528  53.827  -6.229  -24.151 0.0000000000
128529  54.621  -5.661  -24.446 0.0000000000
128530  53.978  -5.348  -24.685 0.0000000000
128531  53.403  -4.918  -24.914 0.0000000000
128532  55.531  -3.866  -25.356 0.0000000000
128533  54.154  -4.237  -25.279 0.0000000000
128534  52.831  -4.399  -25.157 0.0000000000
128535  52.309  -3.977  -25.357 0.0000000000
128536  51.747  -3.388  -25.498 0.0000000000
128537  51.269  -2.833  -25.672 0.0000000000
128538  50.804  -2.254  -25.746 0.0000000000
128539  51.673  -2.289  -26.174 0.0000000000
128540  52.046  -1.698  -26.515 0.0000000000
128541  52.462  -1.170  -26.810 0.0000000000
128542  54.195  -1.383  -26.864 0.0000000000
128543  53.451  -0.959  -27.000 0.0000000000
137620  56.145  -18.622  -15.745 0.0000000000
137621  55.102  -18.736  -16.114 0.0000000000
137622  55.851  -18.203  -16.351 0.0000000000
137623  55.620  -17.786  -16.968 0.0000000000
137624  55.301  -17.390  -17.557 0.0000000000
137625  57.090  -16.705  -17.439 0.0000000000
137626  56.020  -16.852  -17.851 0.0000000000
137627  54.802  -16.957  -18.100 0.0000000000
137628  54.384  -16.450  -18.516 0.0000000000
137629  53.890  -15.890  -18.884 0.0000000000
137630  53.347  -15.348  -19.253 0.0000000000
137632  58.595  -14.166  -18.563 0.0000000000
137633  57.430  -14.353  -18.906 0.0000000000
137634  57.587  -13.115  -19.602 0.0000000000
137635  56.921  -13.823  -19.389 0.0000000000
137636  56.262  -14.531  -19.191 0.0000000000
137637  55.127  -14.704  -19.398 0.0000000000
137638  53.947  -14.821  -19.542 0.0000000000
137639  52.827  -14.812  -19.600 0.0000000000
137640  52.302  -14.255  -19.900 0.0000000000
137641  51.887  -13.694  -20.231 0.0000000000
137642  51.466  -13.115  -20.509 0.0000000000
137643  53.199  -12.598  -20.964 0.0000000000
137644  52.131  -12.608  -20.934 0.0000000000
137645  51.090  -12.528  -20.740 0.0000000000
137646  50.782  -11.923  -20.964 0.0000000000
137647  50.442  -11.319  -21.151 0.0000000000
137648  50.165  -10.768  -21.276 0.0000000000
137649  49.903  -10.215  -21.333 0.0000000000
137650  50.732  -10.338  -21.744 0.0000000000
137651  51.310  -9.860  -22.212 0.0000000000
137652  51.900  -9.310  -22.656 0.0000000000
137653  53.546  -9.718  -22.583 0.0000000000
137654  53.073  -9.230  -22.824 0.0000000000
137655  52.632  -8.767  -22.975 0.0000000000
137656  53.420  -8.196  -23.276 0.0000000000
137657  54.216  -7.633  -23.518 0.0000000000
137658  54.945  -6.970  -23.743 0.0000000000
137664  57.204  -7.269  -23.064 0.0000000000
137665  56.727  -6.921  -23.395 0.0000000000
137666  56.333  -6.528  -23.690 0.0000000000
137667  55.739  -6.287  -23.916 0.0000000000
137668  56.610  -5.444  -24.122 0.0000000000
144203  49.296  -25.242  -12.242 0.0000000000
144205  49.576  -24.330  -12.785 0.0000000000
144206  50.142  -23.920  -13.054 0.0000000000
144207  50.735  -23.490  -13.289 0.0000000000
144210  52.763  -24.986  -12.633 0.0000000000
144213  52.397  -24.514  -12.782 0.0000000000
144214  52.060  -24.022  -12.982 0.0000000000
144215  51.720  -23.539  -13.260 0.0000000000
144216  51.377  -23.017  -13.584 0.0000000000
144217  51.948  -22.606  -13.865 0.0000000000
144218  52.578  -22.151  -14.122 0.0000000000
144219  53.213  -21.664  -14.306 0.0000000000
144220  54.560  -22.168  -13.997 0.0000000000
144221  54.162  -21.643  -14.239 0.0000000000
144222  53.819  -21.163  -14.513 0.0000000000
144223  54.404  -20.613  -14.712 0.0000000000
144224  55.042  -20.066  -14.882 0.0000000000
144225  55.743  -19.495  -15.038 0.0000000000
144244  58.963  -21.952  -14.198 0.0000000000
144245  58.538  -21.447  -14.243 0.0000000000
144246  58.072  -20.919  -14.298 0.0000000000
144247  59.999  -20.177  -14.248 0.0000000000
144248  58.783  -20.276  -14.308 0.0000000000
144249  57.573  -20.366  -14.331 0.0000000000
144250  57.131  -19.851  -14.460 0.0000000000
144251  56.723  -19.371  -14.775 0.0000000000
144252  56.409  -18.973  -15.201 0.0000000000
144253  57.217  -18.397  -15.405 0.0000000000
144254  58.037  -17.854  -15.601 0.0000000000
144255  58.855  -17.294  -15.812 0.0000000000
144256  60.086  -17.507  -14.978 0.0000000000
144257  59.847  -17.148  -15.485 0.0000000000
144258  59.577  -16.709  -15.995 0.0000000000
144259  60.305  -16.071  -16.212 0.0000000000
144260  60.955  -15.471  -16.442 0.0000000000
144261  61.489  -14.898  -16.757 0.0000000000
144262  63.574  -17.491  -14.957 0.0000000000
144263  63.304  -16.873  -15.133 0.0000000000
144264  63.051  -16.377  -15.390 0.0000000000
144266  63.354  -15.958  -15.793 0.0000000000
144267  62.856  -15.856  -15.659 0.0000000000
144268  62.549  -15.349  -16.065 0.0000000000
163447  49.196  -22.315  -13.915 0.0000000000
163448  48.398  -22.097  -13.737 0.0000000000
163449  47.692  -21.774  -13.408 0.0000000000
163450  47.975  -20.849  -14.082 0.0000000000
163451  47.544  -21.151  -13.568 0.0000000000
163452  47.116  -21.432  -13.010 0.0000000000
163453  46.651  -21.048  -12.536 0.0000000000
163465  54.088  -18.813  -16.454 0.0000000000
163466  53.056  -18.857  -16.714 0.0000000000
163467  52.024  -18.853  -16.873 0.0000000000
163468  52.264  -17.957  -17.655 0.0000000000
163469  51.638  -18.387  -17.279 0.0000000000
163470  51.040  -18.790  -16.863 0.0000000000
163471  50.135  -18.666  -16.741 0.0000000000
163472  49.347  -18.440  -16.475 0.0000000000
163473  48.656  -18.185  -16.142 0.0000000000
163474  50.583  -15.691  -18.762 0.0000000000
163475  50.136  -16.097  -18.335 0.0000000000
163476  49.650  -16.510  -17.873 0.0000000000
163477  48.690  -15.625  -17.658 0.0000000000
163478  48.939  -16.271  -17.509 0.0000000000
163479  49.210  -16.878  -17.356 0.0000000000
163480  48.811  -17.263  -16.828 0.0000000000
163481  48.417  -17.593  -16.280 0.0000000000
163482  48.055  -17.902  -15.724 0.0000000000
163483  47.599  -17.526  -15.200 0.0000000000
163486  47.374  -15.874  -14.632 0.0000000000
163546  49.654  -9.687  -21.323 0.0000000000
163547  49.457  -9.044  -21.324 0.0000000000
163548  49.288  -8.442  -21.317 0.0000000000
163549  50.295  -8.211  -22.271 0.0000000000
163550  49.585  -8.035  -21.810 0.0000000000
163551  49.044  -7.776  -21.278 0.0000000000
163552  48.893  -7.180  -21.268 0.0000000000
163555  52.436  -6.430  -23.963 0.0000000000
163556  51.274  -6.439  -23.676 0.0000000000
163557  50.344  -6.287  -23.323 0.0000000000
163558  50.484  -5.330  -23.957 0.0000000000
163559  50.000  -5.715  -23.348 0.0000000000
163560  49.613  -6.093  -22.779 0.0000000000
163561  49.191  -5.833  -22.222 0.0000000000
163562  48.922  -5.564  -21.571 0.0000000000
163563  48.847  -5.301  -20.868 0.0000000000
163582  50.303  -1.714  -25.734 0.0000000000
