#!ascii label  , from subject fsaverage vox2ras=TkReg
667
151  -49.814  -3.625  -24.850 0.0000000000
205  -48.637  -22.935  -11.512 0.0000000000
607  -49.889  -14.850  -13.149 0.0000000000
608  -53.802  -12.266  -21.058 0.0000000000
1353  -49.605  -5.196  -19.512 0.0000000000
1354  -48.844  -9.862  -19.442 0.0000000000
1355  -52.651  -7.854  -23.801 0.0000000000
1521  -52.780  -22.601  -14.111 0.0000000000
2456  -48.964  -18.849  -12.450 0.0000000000
2457  -51.644  -18.552  -16.342 0.0000000000
2459  -50.129  -14.200  -18.077 0.0000000000
2460  -55.885  -16.866  -18.148 0.0000000000
2891  -57.808  -23.140  -14.040 0.0000000000
3273  -48.873  -4.570  -22.442 0.0000000000
3274  -49.475  -6.937  -22.684 0.0000000000
3275  -51.461  -5.863  -24.759 0.0000000000
3494  -51.805  -24.738  -13.346 0.0000000000
3495  -50.315  -22.948  -13.135 0.0000000000
5495  -49.253  -16.920  -12.844 0.0000000000
5496  -49.807  -18.659  -14.849 0.0000000000
5497  -49.450  -16.639  -15.366 0.0000000000
5501  -50.840  -11.211  -21.129 0.0000000000
5502  -49.274  -11.944  -18.911 0.0000000000
5503  -51.786  -13.500  -19.748 0.0000000000
5504  -52.740  -15.664  -18.604 0.0000000000
5505  -54.635  -14.572  -19.542 0.0000000000
7044  -49.966  -7.930  -16.647 0.0000000000
7045  -49.099  -7.558  -19.637 0.0000000000
7046  -50.134  -9.152  -22.049 0.0000000000
7047  -53.274  -9.925  -22.531 0.0000000000
7388  -54.683  -24.021  -13.956 0.0000000000
7389  -55.449  -21.808  -14.588 0.0000000000
7924  -49.025  -1.950  -21.716 0.0000000000
9924  -48.922  -20.941  -11.888 0.0000000000
9925  -50.331  -20.855  -13.741 0.0000000000
9926  -52.463  -20.431  -14.845 0.0000000000
9927  -54.817  -19.779  -15.529 0.0000000000
9931  -49.275  -10.351  -16.293 0.0000000000
9932  -49.236  -12.466  -15.997 0.0000000000
9933  -49.391  -14.487  -15.749 0.0000000000
9934  -50.858  -16.303  -17.298 0.0000000000
9935  -53.861  -17.935  -17.307 0.0000000000
9936  -57.026  -18.894  -16.333 0.0000000000
9954  -48.353  -0.848  -24.415 0.0000000000
9963  -51.856  -1.625  -26.587 0.0000000000
10571  -57.984  -22.100  -14.331 0.0000000000
10953  -49.157  -4.139  -23.763 0.0000000000
10954  -49.677  -5.319  -23.913 0.0000000000
10955  -50.639  -4.701  -24.901 0.0000000000
10956  -52.847  -5.031  -25.393 0.0000000000
10957  -51.772  -3.942  -25.583 0.0000000000
11171  -48.269  -23.929  -10.928 0.0000000000
11173  -48.942  -23.939  -11.900 0.0000000000
11174  -49.839  -23.957  -12.687 0.0000000000
11175  -49.368  -22.990  -12.384 0.0000000000
13175  -49.512  -15.896  -13.020 0.0000000000
13176  -49.203  -16.735  -14.204 0.0000000000
13177  -49.383  -15.764  -14.276 0.0000000000
13181  -52.370  -11.690  -21.219 0.0000000000
13182  -51.351  -12.272  -20.462 0.0000000000
13183  -52.758  -12.943  -20.468 0.0000000000
13184  -53.190  -14.057  -19.718 0.0000000000
13185  -54.179  -13.455  -20.279 0.0000000000
13187  -55.216  -12.771  -20.683 0.0000000000
15579  -49.789  -6.560  -18.176 0.0000000000
15580  -49.336  -6.354  -19.792 0.0000000000
15581  -50.820  -7.563  -23.607 0.0000000000
15582  -49.771  -8.088  -22.441 0.0000000000
15583  -51.245  -8.533  -23.045 0.0000000000
15584  -51.660  -9.539  -22.541 0.0000000000
15585  -53.021  -8.847  -23.186 0.0000000000
16241  -52.272  -23.656  -13.816 0.0000000000
16242  -53.211  -24.419  -13.738 0.0000000000
16243  -53.642  -23.344  -14.115 0.0000000000
16244  -55.087  -22.958  -14.269 0.0000000000
16245  -54.079  -22.264  -14.391 0.0000000000
22245  -48.878  -19.852  -12.155 0.0000000000
22246  -49.480  -20.897  -12.902 0.0000000000
22247  -49.291  -19.839  -13.319 0.0000000000
22248  -50.663  -18.675  -15.709 0.0000000000
22249  -50.996  -19.607  -15.173 0.0000000000
22250  -52.064  -19.491  -15.708 0.0000000000
22251  -53.613  -20.114  -15.140 0.0000000000
22252  -53.226  -19.244  -16.078 0.0000000000
22261  -49.011  -8.933  -18.050 0.0000000000
22262  -49.585  -9.162  -16.446 0.0000000000
22263  -48.796  -10.084  -17.922 0.0000000000
22264  -49.720  -13.079  -18.493 0.0000000000
22265  -49.029  -12.223  -17.467 0.0000000000
22266  -49.273  -13.343  -17.256 0.0000000000
22267  -49.329  -13.465  -15.889 0.0000000000
22268  -49.613  -14.420  -16.965 0.0000000000
22269  -49.840  -15.414  -16.703 0.0000000000
22270  -50.464  -15.196  -17.659 0.0000000000
22271  -54.328  -16.289  -18.491 0.0000000000
22272  -53.313  -16.765  -18.023 0.0000000000
22273  -54.943  -17.423  -17.705 0.0000000000
22274  -55.446  -18.447  -16.853 0.0000000000
24323  -49.088  -4.908  -20.981 0.0000000000
24324  -49.112  -6.085  -21.254 0.0000000000
24325  -49.100  -5.814  -22.649 0.0000000000
24326  -50.203  -6.469  -23.868 0.0000000000
24327  -52.127  -6.911  -24.374 0.0000000000
24328  -54.108  -7.043  -24.375 0.0000000000
24329  -53.625  -6.051  -24.958 0.0000000000
24721  -50.480  -24.886  -12.860 0.0000000000
24722  -50.949  -23.829  -13.323 0.0000000000
24723  -51.448  -22.781  -13.710 0.0000000000
28323  -49.083  -17.887  -12.687 0.0000000000
28324  -49.265  -18.777  -13.723 0.0000000000
28325  -49.210  -17.742  -13.985 0.0000000000
28326  -49.601  -17.680  -15.136 0.0000000000
28327  -50.294  -17.617  -16.089 0.0000000000
28333  -49.566  -10.624  -20.530 0.0000000000
28334  -48.981  -10.943  -19.276 0.0000000000
28335  -49.938  -11.658  -20.131 0.0000000000
28336  -50.430  -12.721  -19.589 0.0000000000
28337  -50.893  -13.918  -18.983 0.0000000000
28338  -51.283  -14.938  -18.484 0.0000000000
28339  -52.271  -14.561  -19.139 0.0000000000
28340  -53.727  -15.193  -19.067 0.0000000000
28341  -55.281  -15.708  -18.937 0.0000000000
28988  -47.958  -23.923  -9.787 0.0000000000
28989  -48.225  -22.912  -10.369 0.0000000000
31795  -50.430  -6.666  -16.631 0.0000000000
31796  -49.376  -7.738  -18.164 0.0000000000
31797  -48.906  -8.736  -19.613 0.0000000000
31798  -49.079  -7.332  -21.283 0.0000000000
31799  -49.146  -8.502  -21.084 0.0000000000
31800  -49.350  -9.591  -20.847 0.0000000000
31801  -50.455  -10.207  -21.656 0.0000000000
31802  -52.037  -10.639  -21.981 0.0000000000
31803  -53.591  -11.041  -21.800 0.0000000000
32670  -55.784  -24.797  -13.641 0.0000000000
32671  -56.241  -23.596  -14.034 0.0000000000
32672  -56.502  -22.557  -14.376 0.0000000000
32673  -56.881  -21.333  -14.646 0.0000000000
34125  -48.843  -3.289  -22.089 0.0000000000
34126  -48.778  -2.876  -23.435 0.0000000000
39999  -48.493  -21.871  -10.497 0.0000000000
40007  -48.718  -20.922  -10.726 0.0000000000
40008  -48.840  -21.956  -11.615 0.0000000000
40009  -49.525  -22.002  -12.570 0.0000000000
40010  -50.466  -21.932  -13.317 0.0000000000
40011  -51.473  -21.788  -13.864 0.0000000000
40012  -50.057  -19.751  -14.318 0.0000000000
40013  -51.371  -20.738  -14.403 0.0000000000
40014  -52.695  -21.556  -14.278 0.0000000000
40015  -53.932  -21.208  -14.571 0.0000000000
40016  -55.165  -20.766  -14.823 0.0000000000
40017  -56.428  -20.394  -15.198 0.0000000000
40026  -50.236  -13.851  -13.295 0.0000000000
40030  -48.805  -11.183  -17.755 0.0000000000
40031  -49.160  -11.429  -16.159 0.0000000000
40032  -49.780  -11.776  -14.734 0.0000000000
40033  -49.747  -12.702  -14.613 0.0000000000
40034  -49.657  -13.629  -14.585 0.0000000000
40035  -49.528  -14.641  -14.473 0.0000000000
40036  -49.459  -15.575  -15.585 0.0000000000
40037  -50.067  -16.512  -16.407 0.0000000000
40038  -51.218  -17.450  -16.900 0.0000000000
40039  -51.772  -16.024  -18.014 0.0000000000
40040  -52.207  -17.124  -17.507 0.0000000000
40041  -52.797  -18.309  -16.915 0.0000000000
40042  -54.332  -18.892  -16.503 0.0000000000
40043  -55.946  -19.407  -15.980 0.0000000000
40097  -48.463  -1.376  -23.116 0.0000000000
40098  -48.980  -2.267  -24.732 0.0000000000
40123  -48.750  -0.266  -25.793 0.0000000000
40124  -49.538  -1.474  -25.843 0.0000000000
40125  -50.683  -2.706  -25.728 0.0000000000
41291  -58.106  -21.557  -14.460 0.0000000000
41673  -49.448  -3.919  -24.335 0.0000000000
41674  -49.753  -4.488  -24.394 0.0000000000
41675  -50.200  -4.184  -24.835 0.0000000000
41676  -51.179  -4.335  -25.261 0.0000000000
41677  -50.681  -3.828  -25.246 0.0000000000
41891  -48.455  -23.410  -11.216 0.0000000000
41892  -48.574  -23.922  -11.447 0.0000000000
41893  -48.769  -23.420  -11.732 0.0000000000
41894  -49.140  -23.445  -12.162 0.0000000000
41895  -48.972  -22.975  -11.964 0.0000000000
43895  -49.691  -15.364  -13.094 0.0000000000
43896  -49.429  -15.824  -13.647 0.0000000000
43897  -49.559  -15.259  -13.751 0.0000000000
43901  -53.102  -11.987  -21.162 0.0000000000
43902  -52.590  -12.305  -20.834 0.0000000000
43903  -53.266  -12.622  -20.799 0.0000000000
43904  -53.430  -13.223  -20.426 0.0000000000
43905  -53.992  -12.881  -20.650 0.0000000000
43906  -54.690  -13.137  -20.480 0.0000000000
46298  -49.928  -5.290  -18.799 0.0000000000
46299  -49.736  -5.863  -18.925 0.0000000000
46300  -49.456  -5.766  -19.724 0.0000000000
46301  -51.699  -7.752  -23.738 0.0000000000
46302  -51.018  -8.088  -23.329 0.0000000000
46303  -51.920  -8.209  -23.447 0.0000000000
46304  -52.116  -8.698  -23.155 0.0000000000
46305  -52.840  -8.342  -23.501 0.0000000000
46961  -52.562  -23.129  -13.997 0.0000000000
46962  -52.960  -23.508  -13.994 0.0000000000
46963  -53.237  -22.982  -14.128 0.0000000000
46964  -53.898  -22.816  -14.256 0.0000000000
46965  -53.431  -22.446  -14.255 0.0000000000
52961  -49.054  -18.389  -11.920 0.0000000000
52963  -48.958  -18.879  -11.830 0.0000000000
52964  -48.877  -19.365  -11.685 0.0000000000
52965  -48.921  -19.352  -12.319 0.0000000000
52966  -49.047  -19.851  -12.743 0.0000000000
52967  -49.048  -19.331  -12.939 0.0000000000
52968  -51.130  -18.622  -16.038 0.0000000000
52969  -51.361  -19.111  -15.786 0.0000000000
52970  -51.916  -19.050  -16.048 0.0000000000
52971  -52.671  -19.380  -15.899 0.0000000000
52972  -52.454  -18.955  -16.274 0.0000000000
52981  -48.783  -9.398  -18.758 0.0000000000
52982  -48.850  -9.528  -17.963 0.0000000000
52983  -48.771  -9.961  -18.687 0.0000000000
52984  -49.953  -13.674  -18.291 0.0000000000
52985  -49.463  -13.234  -17.902 0.0000000000
52986  -49.700  -13.784  -17.715 0.0000000000
52987  -49.509  -13.864  -17.108 0.0000000000
52988  -49.831  -14.324  -17.539 0.0000000000
52989  -49.975  -14.823  -17.376 0.0000000000
52990  -50.283  -14.671  -17.865 0.0000000000
52991  -55.111  -16.605  -18.353 0.0000000000
52992  -54.647  -16.881  -18.082 0.0000000000
52993  -55.421  -17.152  -17.925 0.0000000000
54751  -57.622  -23.707  -13.889 0.0000000000
54753  -58.482  -23.481  -13.858 0.0000000000
55898  -48.951  -4.745  -21.697 0.0000000000
55899  -48.987  -5.354  -21.823 0.0000000000
55900  -48.968  -5.203  -22.556 0.0000000000
55901  -50.410  -5.586  -24.408 0.0000000000
55902  -49.946  -5.895  -23.871 0.0000000000
55903  -50.769  -6.163  -24.348 0.0000000000
55904  -51.113  -6.731  -24.213 0.0000000000
55905  -51.808  -6.383  -24.595 0.0000000000
55906  -52.863  -6.492  -24.690 0.0000000000
55907  -52.533  -6.029  -24.937 0.0000000000
56554  -48.916  -24.996  -11.711 0.0000000000
56561  -50.071  -23.442  -12.937 0.0000000000
56562  -50.364  -23.893  -13.028 0.0000000000
56563  -50.571  -23.397  -13.274 0.0000000000
56564  -51.205  -23.342  -13.519 0.0000000000
56565  -50.855  -22.861  -13.436 0.0000000000
62563  -49.362  -16.987  -12.209 0.0000000000
62564  -49.282  -17.455  -12.093 0.0000000000
62565  -49.172  -17.386  -12.771 0.0000000000
62566  -49.110  -17.797  -13.355 0.0000000000
62567  -49.137  -17.278  -13.430 0.0000000000
62568  -49.278  -16.679  -14.791 0.0000000000
62569  -49.318  -17.205  -14.676 0.0000000000
62570  -49.503  -17.173  -15.260 0.0000000000
62571  -49.922  -17.650  -15.638 0.0000000000
62572  -49.803  -17.119  -15.803 0.0000000000
62581  -50.143  -10.949  -20.899 0.0000000000
62582  -49.724  -11.138  -20.343 0.0000000000
62583  -50.365  -11.437  -20.689 0.0000000000
62584  -51.576  -12.871  -20.134 0.0000000000
62585  -50.877  -12.497  -20.052 0.0000000000
62586  -51.105  -13.114  -19.714 0.0000000000
62587  -50.677  -13.331  -19.265 0.0000000000
62588  -51.335  -13.736  -19.353 0.0000000000
62589  -51.563  -14.289  -19.085 0.0000000000
62590  -52.027  -14.052  -19.447 0.0000000000
62591  -53.894  -14.317  -19.644 0.0000000000
62592  -53.464  -14.635  -19.386 0.0000000000
62593  -54.184  -14.891  -19.317 0.0000000000
62594  -54.478  -15.449  -19.043 0.0000000000
62595  -54.951  -15.133  -19.256 0.0000000000
63762  -47.905  -23.928  -9.205 0.0000000000
63763  -48.045  -23.421  -9.482 0.0000000000
63764  -48.069  -23.426  -10.066 0.0000000000
63765  -48.159  -22.956  -9.782 0.0000000000
69776  -49.360  -7.077  -18.955 0.0000000000
69777  -49.581  -7.152  -18.188 0.0000000000
69778  -49.187  -7.649  -18.933 0.0000000000
69779  -49.033  -8.223  -18.877 0.0000000000
69780  -48.976  -8.149  -19.609 0.0000000000
69781  -49.154  -6.534  -22.034 0.0000000000
69782  -49.120  -6.703  -21.325 0.0000000000
69783  -49.160  -7.164  -22.002 0.0000000000
69784  -49.946  -8.604  -22.245 0.0000000000
69785  -49.401  -8.311  -21.766 0.0000000000
69786  -49.546  -8.855  -21.624 0.0000000000
69787  -49.219  -9.068  -20.976 0.0000000000
69788  -49.714  -9.395  -21.465 0.0000000000
69789  -49.851  -9.908  -21.298 0.0000000000
69790  -50.315  -9.686  -21.851 0.0000000000
69791  -52.466  -9.734  -22.643 0.0000000000
69792  -51.817  -10.092  -22.291 0.0000000000
69793  -52.659  -10.285  -22.270 0.0000000000
69794  -52.782  -10.843  -21.886 0.0000000000
69795  -53.440  -10.468  -22.158 0.0000000000
71761  -51.556  -25.295  -13.083 0.0000000000
71764  -53.940  -24.243  -13.863 0.0000000000
71768  -55.258  -24.395  -13.812 0.0000000000
71769  -56.034  -24.157  -13.850 0.0000000000
71770  -55.449  -23.802  -14.014 0.0000000000
71771  -55.236  -22.428  -14.452 0.0000000000
71772  -55.786  -22.748  -14.327 0.0000000000
71773  -55.989  -22.203  -14.489 0.0000000000
71774  -56.708  -22.023  -14.501 0.0000000000
71775  -56.159  -21.579  -14.658 0.0000000000
75213  -49.399  -2.148  -21.048 0.0000000000
75214  -49.231  -2.829  -21.219 0.0000000000
75215  -48.960  -2.618  -21.884 0.0000000000
75216  -48.720  -3.041  -22.750 0.0000000000
75217  -48.690  -2.430  -22.581 0.0000000000
89751  -48.435  -21.883  -9.888 0.0000000000
89752  -48.594  -21.390  -9.983 0.0000000000
89771  -48.817  -20.410  -11.468 0.0000000000
89773  -48.775  -20.928  -11.326 0.0000000000
89774  -48.696  -21.449  -11.195 0.0000000000
89775  -48.898  -21.448  -11.733 0.0000000000
89776  -49.137  -21.965  -12.118 0.0000000000
89777  -49.175  -21.450  -12.241 0.0000000000
89778  -49.872  -20.891  -13.348 0.0000000000
89779  -49.966  -21.443  -13.130 0.0000000000
89780  -50.434  -21.395  -13.490 0.0000000000
89781  -50.978  -21.848  -13.636 0.0000000000
89782  -50.921  -21.333  -13.810 0.0000000000
89783  -49.496  -18.692  -14.319 0.0000000000
89784  -49.587  -19.235  -14.089 0.0000000000
89785  -49.954  -19.193  -14.639 0.0000000000
89786  -51.712  -20.043  -15.094 0.0000000000
89787  -51.199  -20.169  -14.790 0.0000000000
89788  -51.906  -20.592  -14.667 0.0000000000
89789  -52.019  -21.138  -14.312 0.0000000000
89790  -52.621  -20.981  -14.491 0.0000000000
89791  -53.321  -21.370  -14.423 0.0000000000
89792  -53.222  -20.811  -14.628 0.0000000000
89793  -54.236  -19.935  -15.339 0.0000000000
89794  -54.385  -20.468  -14.953 0.0000000000
89795  -54.985  -20.281  -15.138 0.0000000000
89796  -55.825  -20.566  -15.018 0.0000000000
89797  -55.607  -20.121  -15.326 0.0000000000
89824  -49.410  -9.789  -16.352 0.0000000000
89829  -49.107  -11.445  -19.113 0.0000000000
89830  -48.824  -11.064  -18.543 0.0000000000
89831  -48.948  -11.571  -18.352 0.0000000000
89832  -49.088  -12.344  -16.727 0.0000000000
89833  -48.988  -11.830  -16.837 0.0000000000
89834  -49.166  -11.955  -16.083 0.0000000000
89835  -49.462  -11.592  -15.421 0.0000000000
89836  -49.448  -12.104  -15.370 0.0000000000
89837  -49.779  -12.251  -14.663 0.0000000000
89838  -49.457  -12.593  -15.285 0.0000000000
89839  -49.374  -13.991  -15.836 0.0000000000
89840  -49.453  -13.546  -15.241 0.0000000000
89841  -49.450  -14.058  -15.196 0.0000000000
89842  -49.599  -14.141  -14.542 0.0000000000
89843  -49.434  -14.558  -15.116 0.0000000000
89844  -49.399  -15.085  -15.032 0.0000000000
89845  -49.435  -15.017  -15.634 0.0000000000
89846  -50.300  -15.846  -17.054 0.0000000000
89847  -49.960  -15.948  -16.557 0.0000000000
89848  -50.450  -16.419  -16.860 0.0000000000
89849  -50.592  -17.006  -16.682 0.0000000000
89850  -51.040  -16.899  -17.076 0.0000000000
89851  -52.041  -15.315  -18.548 0.0000000000
89852  -51.543  -15.496  -18.225 0.0000000000
89853  -52.241  -15.855  -18.324 0.0000000000
89854  -53.558  -17.351  -17.661 0.0000000000
89855  -52.723  -16.940  -17.756 0.0000000000
89856  -53.020  -17.562  -17.430 0.0000000000
89857  -52.502  -17.791  -17.214 0.0000000000
89858  -53.328  -18.137  -17.115 0.0000000000
89859  -53.541  -18.620  -16.741 0.0000000000
89860  -54.083  -18.421  -16.933 0.0000000000
89861  -56.258  -18.662  -16.610 0.0000000000
89862  -55.710  -18.921  -16.430 0.0000000000
89863  -56.480  -19.171  -16.173 0.0000000000
89864  -56.776  -19.697  -15.749 0.0000000000
89865  -57.322  -19.402  -15.910 0.0000000000
89998  -48.360  -1.140  -23.753 0.0000000000
89999  -48.584  -1.828  -23.929 0.0000000000
90000  -48.627  -1.547  -24.575 0.0000000000
90064  -51.182  -1.160  -26.694 0.0000000000
90065  -49.994  -1.103  -26.314 0.0000000000
90066  -50.559  -1.652  -26.260 0.0000000000
90067  -50.015  -2.131  -25.773 0.0000000000
90068  -51.210  -2.209  -26.140 0.0000000000
92755  -57.915  -22.658  -14.171 0.0000000000
93443  -48.939  -4.337  -23.134 0.0000000000
93444  -49.109  -4.991  -23.212 0.0000000000
93445  -49.394  -4.738  -23.840 0.0000000000
93446  -50.073  -5.014  -24.423 0.0000000000
93447  -51.043  -5.269  -24.843 0.0000000000
93448  -52.148  -5.502  -25.107 0.0000000000
93449  -51.678  -4.868  -25.220 0.0000000000
93450  -52.360  -4.442  -25.532 0.0000000000
93837  -48.375  -24.443  -11.121 0.0000000000
93838  -48.710  -24.466  -11.598 0.0000000000
93839  -49.140  -24.474  -12.038 0.0000000000
93840  -49.613  -24.464  -12.436 0.0000000000
93841  -49.360  -23.956  -12.312 0.0000000000
93842  -49.603  -23.460  -12.565 0.0000000000
93843  -49.810  -22.983  -12.774 0.0000000000
97443  -49.374  -16.441  -12.967 0.0000000000
97444  -49.202  -16.840  -13.508 0.0000000000
97445  -49.284  -16.342  -13.631 0.0000000000
97446  -49.274  -16.229  -14.295 0.0000000000
97447  -49.302  -16.183  -14.892 0.0000000000
97453  -51.638  -11.486  -21.209 0.0000000000
97454  -51.118  -11.734  -20.823 0.0000000000
97455  -51.827  -12.047  -20.839 0.0000000000
97456  -52.138  -12.591  -20.484 0.0000000000
97457  -52.258  -13.236  -20.104 0.0000000000
97458  -52.503  -13.781  -19.753 0.0000000000
97459  -52.973  -13.499  -20.069 0.0000000000
97460  -53.672  -13.756  -20.037 0.0000000000
97461  -54.382  -14.011  -19.890 0.0000000000
97463  -54.879  -13.741  -20.093 0.0000000000
97464  -55.416  -13.409  -20.266 0.0000000000
101770  -50.026  -5.938  -18.112 0.0000000000
101771  -49.556  -6.473  -18.957 0.0000000000
101772  -49.218  -6.954  -19.693 0.0000000000
101773  -49.993  -7.290  -23.174 0.0000000000
101774  -49.569  -7.525  -22.554 0.0000000000
101775  -50.239  -7.838  -23.082 0.0000000000
101776  -50.418  -8.337  -22.821 0.0000000000
101777  -50.628  -8.867  -22.603 0.0000000000
101778  -50.832  -9.370  -22.363 0.0000000000
101779  -51.446  -9.038  -22.784 0.0000000000
101780  -52.317  -9.193  -22.913 0.0000000000
101781  -53.139  -9.381  -22.874 0.0000000000
102961  -52.027  -24.198  -13.588 0.0000000000
102962  -52.503  -24.594  -13.554 0.0000000000
102963  -52.716  -24.045  -13.813 0.0000000000
102964  -53.409  -23.879  -13.940 0.0000000000
102965  -54.145  -23.686  -14.049 0.0000000000
102966  -54.902  -23.474  -14.138 0.0000000000
102967  -54.408  -23.164  -14.202 0.0000000000
102968  -54.566  -22.631  -14.366 0.0000000000
102969  -54.748  -22.033  -14.483 0.0000000000
113768  -48.812  -19.866  -11.551 0.0000000000
113769  -48.917  -20.392  -12.048 0.0000000000
113770  -49.157  -20.914  -12.409 0.0000000000
113771  -49.131  -20.363  -12.586 0.0000000000
113772  -49.422  -20.352  -13.109 0.0000000000
113773  -49.777  -20.336  -13.598 0.0000000000
113774  -50.191  -18.658  -15.309 0.0000000000
113775  -50.360  -19.166  -15.142 0.0000000000
113776  -50.819  -19.148  -15.489 0.0000000000
113777  -51.508  -19.540  -15.474 0.0000000000
113778  -52.257  -19.917  -15.301 0.0000000000
113779  -53.032  -20.270  -15.000 0.0000000000
113780  -52.831  -19.791  -15.460 0.0000000000
113781  -53.440  -19.645  -15.617 0.0000000000
113782  -54.039  -19.473  -15.787 0.0000000000
113797  -49.428  -8.440  -17.359 0.0000000000
113798  -49.732  -8.575  -16.577 0.0000000000
113799  -49.252  -9.048  -17.249 0.0000000000
113800  -49.115  -9.641  -17.153 0.0000000000
113801  -49.000  -10.213  -17.101 0.0000000000
113802  -49.516  -12.492  -18.720 0.0000000000
113803  -49.048  -12.085  -18.234 0.0000000000
113804  -49.288  -12.645  -18.065 0.0000000000
113805  -49.145  -12.730  -17.369 0.0000000000
113806  -49.189  -12.852  -16.643 0.0000000000
113807  -49.295  -12.963  -15.935 0.0000000000
113808  -49.265  -13.394  -16.571 0.0000000000
113809  -49.382  -13.921  -16.467 0.0000000000
113810  -49.475  -14.478  -16.350 0.0000000000
113811  -49.541  -14.962  -16.248 0.0000000000
113812  -49.729  -14.906  -16.832 0.0000000000
113813  -50.131  -15.320  -17.210 0.0000000000
113814  -50.663  -15.740  -17.481 0.0000000000
113815  -53.531  -15.974  -18.583 0.0000000000
113816  -53.004  -16.248  -18.317 0.0000000000
113817  -53.821  -16.542  -18.258 0.0000000000
113818  -54.111  -17.133  -17.877 0.0000000000
113819  -54.405  -17.695  -17.513 0.0000000000
113820  -54.629  -18.203  -17.110 0.0000000000
118193  -49.294  -5.065  -20.275 0.0000000000
118194  -49.220  -5.647  -20.419 0.0000000000
118195  -49.076  -5.498  -21.114 0.0000000000
118196  -49.078  -5.933  -21.959 0.0000000000
118197  -49.329  -6.379  -22.697 0.0000000000
118198  -49.362  -5.598  -23.351 0.0000000000
118199  -49.577  -6.161  -23.279 0.0000000000
118200  -49.820  -6.710  -23.331 0.0000000000
118201  -50.519  -7.058  -23.784 0.0000000000
118202  -51.425  -7.261  -24.008 0.0000000000
118203  -52.398  -7.397  -24.102 0.0000000000
118204  -53.337  -7.453  -24.097 0.0000000000
118205  -53.083  -7.056  -24.424 0.0000000000
118206  -53.893  -6.570  -24.683 0.0000000000
118208  -53.304  -5.565  -25.199 0.0000000000
119120  -50.882  -25.366  -12.851 0.0000000000
119121  -51.106  -24.820  -13.129 0.0000000000
119122  -50.129  -24.433  -12.795 0.0000000000
119123  -50.716  -24.346  -13.102 0.0000000000
119124  -51.357  -24.286  -13.354 0.0000000000
119125  -51.587  -23.773  -13.570 0.0000000000
119126  -51.872  -23.250  -13.774 0.0000000000
119127  -52.107  -22.731  -13.962 0.0000000000
127526  -49.162  -17.909  -11.994 0.0000000000
127527  -49.005  -18.361  -12.569 0.0000000000
127528  -49.082  -18.819  -13.093 0.0000000000
127529  -49.101  -18.322  -13.240 0.0000000000
127530  -49.235  -18.258  -13.878 0.0000000000
127531  -49.420  -18.191  -14.494 0.0000000000
127532  -49.199  -17.234  -14.072 0.0000000000
127533  -49.371  -17.704  -14.579 0.0000000000
127534  -49.708  -18.155  -14.996 0.0000000000
127535  -50.067  -18.168  -15.470 0.0000000000
127536  -50.461  -18.178  -15.915 0.0000000000
127537  -50.881  -18.127  -16.295 0.0000000000
127549  -49.119  -10.280  -20.085 0.0000000000
127550  -48.908  -10.412  -19.365 0.0000000000
127551  -49.239  -10.778  -19.931 0.0000000000
127552  -49.373  -11.309  -19.748 0.0000000000
127553  -49.580  -11.811  -19.542 0.0000000000
127554  -50.624  -11.950  -20.394 0.0000000000
127555  -50.182  -12.171  -19.873 0.0000000000
127556  -49.811  -12.326  -19.321 0.0000000000
127557  -50.038  -12.903  -19.051 0.0000000000
127558  -50.263  -13.510  -18.818 0.0000000000
127559  -50.477  -14.071  -18.581 0.0000000000
127560  -50.645  -14.552  -18.331 0.0000000000
127561  -51.076  -14.436  -18.735 0.0000000000
127562  -51.791  -14.811  -18.801 0.0000000000
127563  -52.499  -15.122  -18.822 0.0000000000
127564  -52.730  -14.298  -19.450 0.0000000000
127565  -52.946  -14.893  -19.095 0.0000000000
127566  -53.259  -15.447  -18.801 0.0000000000
127567  -54.008  -15.720  -18.816 0.0000000000
127568  -54.810  -16.023  -18.719 0.0000000000
127569  -55.595  -16.291  -18.563 0.0000000000
129149  -47.816  -24.444  -9.482 0.0000000000
129151  -48.080  -23.925  -10.361 0.0000000000
129152  -48.207  -23.419  -10.646 0.0000000000
129153  -48.386  -22.903  -10.951 0.0000000000
136767  -50.213  -7.329  -16.668 0.0000000000
136768  -50.072  -6.605  -17.409 0.0000000000
136769  -49.869  -7.227  -17.407 0.0000000000
136770  -49.619  -7.833  -17.408 0.0000000000
136771  -49.188  -8.324  -18.121 0.0000000000
136772  -48.869  -8.833  -18.858 0.0000000000
136773  -48.860  -9.298  -19.530 0.0000000000
136774  -49.193  -6.242  -20.520 0.0000000000
136775  -49.151  -6.846  -20.574 0.0000000000
136776  -49.058  -7.465  -20.475 0.0000000000
136777  -49.251  -7.754  -21.901 0.0000000000
136778  -49.099  -7.917  -21.175 0.0000000000
136779  -49.007  -8.040  -20.380 0.0000000000
136780  -49.002  -8.631  -20.358 0.0000000000
136781  -49.020  -9.200  -20.268 0.0000000000
136782  -49.035  -9.760  -20.167 0.0000000000
136783  -49.441  -10.109  -20.697 0.0000000000
136784  -49.962  -10.435  -21.096 0.0000000000
136785  -50.652  -10.728  -21.399 0.0000000000
136786  -51.027  -9.886  -22.112 0.0000000000
136787  -51.219  -10.431  -21.874 0.0000000000
136788  -51.391  -10.950  -21.566 0.0000000000
136789  -52.122  -11.213  -21.587 0.0000000000
136790  -52.965  -11.385  -21.522 0.0000000000
136791  -53.694  -11.655  -21.446 0.0000000000
139237  -56.622  -24.536  -13.682 0.0000000000
139238  -56.840  -23.915  -13.877 0.0000000000
139239  -57.021  -23.350  -14.046 0.0000000000
139240  -55.633  -23.292  -14.168 0.0000000000
139241  -56.372  -23.063  -14.206 0.0000000000
139242  -57.131  -22.831  -14.221 0.0000000000
139243  -57.271  -22.340  -14.352 0.0000000000
139244  -57.402  -21.840  -14.494 0.0000000000
139245  -57.472  -21.126  -14.687 0.0000000000
143434  -50.144  -4.722  -18.695 0.0000000000
143443  -49.757  -4.606  -19.476 0.0000000000
143444  -49.400  -4.481  -20.208 0.0000000000
143445  -49.160  -4.298  -20.889 0.0000000000
143446  -48.969  -4.126  -21.599 0.0000000000
143448  -49.054  -3.485  -21.441 0.0000000000
143449  -48.809  -3.937  -22.311 0.0000000000
143450  -48.795  -3.732  -23.006 0.0000000000
143451  -48.969  -3.531  -23.640 0.0000000000
143452  -49.163  -3.294  -24.218 0.0000000000
160950  -48.331  -22.437  -9.196 0.0000000000
160951  -48.275  -22.408  -9.803 0.0000000000
160952  -48.349  -22.394  -10.434 0.0000000000
160953  -48.510  -22.423  -10.996 0.0000000000
160978  -48.621  -21.406  -10.593 0.0000000000
160979  -48.620  -21.939  -11.074 0.0000000000
160980  -48.747  -22.446  -11.528 0.0000000000
160981  -49.062  -22.459  -12.036 0.0000000000
160982  -49.463  -22.511  -12.480 0.0000000000
160983  -49.891  -22.503  -12.863 0.0000000000
160984  -49.519  -21.447  -12.714 0.0000000000
160985  -49.977  -21.985  -12.960 0.0000000000
160986  -50.359  -22.443  -13.203 0.0000000000
160987  -50.908  -22.351  -13.522 0.0000000000
160988  -51.501  -22.301  -13.770 0.0000000000
160989  -52.126  -22.238  -13.979 0.0000000000
160990  -49.266  -19.292  -13.513 0.0000000000
160991  -49.645  -19.802  -13.835 0.0000000000
160992  -50.216  -20.305  -14.043 0.0000000000
160993  -50.503  -19.687  -14.792 0.0000000000
160994  -50.702  -20.260  -14.439 0.0000000000
160995  -50.838  -20.811  -14.090 0.0000000000
160996  -51.429  -21.271  -14.081 0.0000000000
160997  -52.067  -21.688  -14.084 0.0000000000
160998  -52.748  -22.117  -14.146 0.0000000000
160999  -53.353  -21.915  -14.318 0.0000000000
161000  -53.993  -21.714  -14.459 0.0000000000
161001  -54.661  -21.527  -14.564 0.0000000000
161002  -53.800  -20.653  -14.781 0.0000000000
161003  -54.556  -21.013  -14.710 0.0000000000
161004  -55.305  -21.288  -14.654 0.0000000000
161005  -55.956  -21.052  -14.803 0.0000000000
161006  -56.604  -20.838  -14.960 0.0000000000
161007  -57.245  -20.683  -15.033 0.0000000000
161034  -50.073  -14.345  -13.213 0.0000000000
161044  -48.791  -10.535  -18.622 0.0000000000
161045  -48.777  -10.652  -17.853 0.0000000000
161046  -48.910  -10.760  -17.051 0.0000000000
161047  -48.914  -11.697  -17.606 0.0000000000
161048  -48.907  -11.300  -16.955 0.0000000000
161049  -49.191  -10.897  -16.221 0.0000000000
161050  -49.528  -11.048  -15.418 0.0000000000
161051  -49.906  -11.227  -14.658 0.0000000000
161056  -49.449  -13.060  -15.243 0.0000000000
161057  -49.708  -13.140  -14.597 0.0000000000
161059  -49.929  -13.737  -13.923 0.0000000000
161060  -49.809  -14.221  -13.863 0.0000000000
161061  -49.668  -14.715  -13.831 0.0000000000
161062  -49.453  -15.165  -14.408 0.0000000000
161063  -49.360  -15.682  -14.950 0.0000000000
161064  -49.444  -16.103  -15.470 0.0000000000
161065  -49.623  -15.493  -16.162 0.0000000000
161066  -49.671  -16.024  -16.035 0.0000000000
161067  -49.726  -16.587  -15.941 0.0000000000
161068  -50.181  -17.078  -16.265 0.0000000000
161069  -50.738  -17.570  -16.517 0.0000000000
161070  -51.370  -18.007  -16.662 0.0000000000
161071  -50.845  -15.062  -18.086 0.0000000000
161072  -51.072  -15.626  -17.873 0.0000000000
161073  -51.297  -16.164  -17.699 0.0000000000
161074  -52.530  -16.410  -18.075 0.0000000000
161075  -52.017  -16.577  -17.784 0.0000000000
161076  -51.506  -16.744  -17.456 0.0000000000
161077  -51.710  -17.304  -17.221 0.0000000000
161078  -51.913  -17.897  -16.970 0.0000000000
161079  -52.225  -18.439  -16.650 0.0000000000
161080  -53.001  -18.802  -16.519 0.0000000000
161081  -53.780  -19.077  -16.274 0.0000000000
161082  -54.596  -19.319  -16.005 0.0000000000
161083  -54.876  -18.686  -16.687 0.0000000000
161084  -55.146  -19.142  -16.218 0.0000000000
161085  -55.390  -19.614  -15.739 0.0000000000
161086  -56.205  -19.936  -15.556 0.0000000000
161087  -57.028  -20.204  -15.375 0.0000000000
161247  -48.712  -1.641  -22.371 0.0000000000
161248  -48.596  -2.119  -23.256 0.0000000000
161249  -48.839  -2.584  -24.107 0.0000000000
161250  -49.308  -2.920  -24.744 0.0000000000
161323  -48.174  0.963  -24.871 0.0000000000
161324  -48.260  0.185  -25.027 0.0000000000
161325  -48.460  -0.594  -25.092 0.0000000000
161327  -49.072  -0.955  -25.790 0.0000000000
161328  -48.770  -1.233  -25.236 0.0000000000
161329  -49.187  -1.881  -25.324 0.0000000000
161330  -49.656  -2.531  -25.302 0.0000000000
161331  -50.189  -3.168  -25.298 0.0000000000
161332  -51.230  -3.322  -25.670 0.0000000000
