#!ascii label  , from subject fsaverage vox2ras=TkReg
301
145  37.599  -29.330  12.569 0.0000000000
590  42.383  -23.404  7.683 0.0000000000
1309  39.979  -26.192  10.456 0.0000000000
1310  47.213  -22.882  7.022 0.0000000000
2407  49.384  -19.110  6.294 0.0000000000
3227  35.214  -29.050  13.361 0.0000000000
3228  36.420  -28.103  11.592 0.0000000000
3229  38.856  -27.782  11.532 0.0000000000
3230  42.488  -26.288  9.685 0.0000000000
5371  46.053  -21.149  7.417 0.0000000000
5373  50.026  -21.026  4.362 0.0000000000
6964  37.740  -27.051  9.917 0.0000000000
6965  41.228  -24.666  9.140 0.0000000000
6966  45.002  -22.876  8.306 0.0000000000
6967  43.827  -24.505  9.115 0.0000000000
9778  48.486  -21.065  6.801 0.0000000000
9779  51.392  -18.971  4.458 0.0000000000
9792  36.485  -31.063  13.667 0.0000000000
10907  36.387  -29.201  13.120 0.0000000000
10908  36.930  -28.592  12.403 0.0000000000
10909  38.183  -28.595  12.054 0.0000000000
10910  39.986  -27.907  11.074 0.0000000000
10911  39.298  -28.772  11.452 0.0000000000
13045  40.647  -24.765  7.848 0.0000000000
13049  42.914  -22.864  6.953 0.0000000000
13050  44.734  -21.515  7.018 0.0000000000
13051  44.197  -22.268  7.637 0.0000000000
13053  50.479  -22.119  3.729 0.0000000000
15445  38.215  -27.213  11.028 0.0000000000
15447  38.799  -26.523  10.343 0.0000000000
15448  39.419  -25.811  9.539 0.0000000000
15449  40.552  -25.419  9.842 0.0000000000
15450  42.516  -24.524  9.362 0.0000000000
15451  41.867  -25.309  9.882 0.0000000000
21872  48.028  -19.239  6.526 0.0000000000
21873  48.440  -18.293  5.909 0.0000000000
21874  49.771  -18.087  5.827 0.0000000000
21876  50.932  -18.007  5.368 0.0000000000
21877  46.237  -22.857  7.933 0.0000000000
21878  46.863  -21.982  7.651 0.0000000000
21879  47.889  -22.009  6.863 0.0000000000
21880  51.696  -20.153  3.274 0.0000000000
21881  50.721  -20.031  4.405 0.0000000000
21882  52.313  -19.043  3.364 0.0000000000
24243  35.779  -28.599  12.492 0.0000000000
24244  37.646  -27.914  11.713 0.0000000000
24245  39.472  -26.957  11.016 0.0000000000
24246  41.277  -26.160  10.269 0.0000000000
24247  40.714  -27.041  10.626 0.0000000000
24248  41.759  -27.219  9.939 0.0000000000
28099  45.089  -20.847  6.308 0.0000000000
28100  46.343  -20.321  6.904 0.0000000000
28101  47.718  -20.117  7.050 0.0000000000
28102  47.927  -22.938  5.827 0.0000000000
28103  48.627  -22.014  5.692 0.0000000000
28104  49.382  -22.035  4.524 0.0000000000
28105  51.046  -21.136  3.451 0.0000000000
31611  38.357  -26.574  9.040 0.0000000000
31612  39.989  -25.301  8.714 0.0000000000
31613  41.772  -24.027  8.462 0.0000000000
31614  43.700  -22.995  8.220 0.0000000000
31615  43.006  -23.762  8.810 0.0000000000
31616  44.415  -23.670  8.737 0.0000000000
31617  45.585  -23.708  8.243 0.0000000000
31618  43.174  -25.359  9.419 0.0000000000
31619  44.912  -24.581  8.423 0.0000000000
31620  46.482  -23.810  7.270 0.0000000000
33954  35.905  -29.780  13.785 0.0000000000
39568  45.588  -22.014  7.870 0.0000000000
39569  47.326  -21.067  7.402 0.0000000000
39570  48.990  -20.050  6.639 0.0000000000
39571  49.298  -21.045  5.646 0.0000000000
39572  49.919  -20.039  5.685 0.0000000000
39573  50.451  -19.009  5.622 0.0000000000
39574  52.004  -17.889  4.394 0.0000000000
39612  37.009  -30.205  13.079 0.0000000000
39637  37.567  -31.616  12.637 0.0000000000
41627  36.984  -29.264  12.886 0.0000000000
41628  37.268  -28.924  12.594 0.0000000000
41629  37.893  -28.965  12.321 0.0000000000
41630  38.760  -28.668  11.789 0.0000000000
41631  38.444  -29.070  11.985 0.0000000000
43769  42.651  -23.120  7.312 0.0000000000
43770  43.556  -22.497  7.314 0.0000000000
43771  43.279  -22.854  7.637 0.0000000000
46165  39.068  -26.674  10.779 0.0000000000
46166  38.487  -26.870  10.708 0.0000000000
46167  39.356  -26.329  10.445 0.0000000000
46168  39.626  -25.956  10.101 0.0000000000
46169  40.242  -25.796  10.193 0.0000000000
46170  41.193  -25.340  9.922 0.0000000000
46171  40.911  -25.734  10.171 0.0000000000
52592  48.723  -19.179  6.459 0.0000000000
52593  48.905  -18.679  6.194 0.0000000000
52594  49.584  -18.609  6.081 0.0000000000
52595  50.375  -18.037  5.648 0.0000000000
52596  50.181  -18.546  5.848 0.0000000000
52597  46.761  -22.874  7.540 0.0000000000
52598  47.079  -22.444  7.417 0.0000000000
52599  47.561  -22.455  6.954 0.0000000000
52601  52.020  -19.599  3.328 0.0000000000
55762  34.602  -28.941  13.454 0.0000000000
55763  34.826  -28.782  12.994 0.0000000000
55764  35.486  -28.827  12.915 0.0000000000
55765  37.900  -28.196  11.950 0.0000000000
55766  37.307  -28.247  12.048 0.0000000000
55767  38.206  -27.821  11.664 0.0000000000
55768  38.486  -27.453  11.352 0.0000000000
55769  39.116  -27.398  11.279 0.0000000000
55770  40.138  -26.974  10.858 0.0000000000
55771  39.790  -27.419  11.125 0.0000000000
55773  40.865  -27.590  10.501 0.0000000000
62192  45.370  -21.277  7.306 0.0000000000
62193  45.541  -20.909  6.974 0.0000000000
62194  46.201  -20.724  7.171 0.0000000000
62195  47.044  -20.171  7.046 0.0000000000
62196  46.887  -20.611  7.277 0.0000000000
62197  48.343  -22.954  5.261 0.0000000000
62198  48.670  -22.483  5.147 0.0000000000
62199  49.085  -22.521  4.644 0.0000000000
62201  50.762  -21.603  3.539 0.0000000000
69375  35.501  -28.403  11.995 0.0000000000
69377  35.821  -28.205  11.517 0.0000000000
69384  38.050  -26.806  9.468 0.0000000000
69385  40.263  -25.253  9.297 0.0000000000
69386  39.685  -25.569  9.118 0.0000000000
69387  40.548  -24.949  8.943 0.0000000000
69388  40.876  -24.665  8.542 0.0000000000
69389  41.508  -24.370  8.811 0.0000000000
69390  42.424  -23.852  8.693 0.0000000000
69391  42.166  -24.175  9.012 0.0000000000
69392  43.184  -24.506  9.319 0.0000000000
69393  43.471  -24.104  9.068 0.0000000000
69394  44.122  -24.090  8.932 0.0000000000
69395  45.041  -23.674  8.552 0.0000000000
69396  44.720  -24.099  8.698 0.0000000000
69397  41.906  -26.222  10.018 0.0000000000
69398  42.235  -25.749  9.865 0.0000000000
69399  42.800  -25.819  9.589 0.0000000000
69403  45.710  -24.211  7.909 0.0000000000
74810  35.323  -29.635  14.047 0.0000000000
88657  46.073  -19.812  5.921 0.0000000000
88660  49.276  -17.687  5.623 0.0000000000
88661  48.581  -17.858  5.555 0.0000000000
88672  44.354  -22.920  8.322 0.0000000000
88673  44.668  -22.504  8.064 0.0000000000
88674  45.307  -22.461  8.117 0.0000000000
88675  47.686  -21.519  7.248 0.0000000000
88676  47.114  -21.522  7.536 0.0000000000
88677  47.957  -21.033  7.180 0.0000000000
88678  48.212  -20.534  7.055 0.0000000000
88679  48.732  -20.561  6.728 0.0000000000
88680  49.315  -21.499  5.004 0.0000000000
88681  48.944  -21.549  5.663 0.0000000000
88682  49.643  -21.035  4.997 0.0000000000
88683  51.057  -19.519  4.434 0.0000000000
88684  50.321  -20.034  5.059 0.0000000000
88685  50.649  -19.507  5.085 0.0000000000
88686  50.217  -19.506  5.652 0.0000000000
88687  50.977  -18.951  5.064 0.0000000000
88688  51.262  -18.445  5.041 0.0000000000
88689  51.721  -18.410  4.474 0.0000000000
88783  36.207  -30.393  13.792 0.0000000000
88784  36.755  -30.641  13.343 0.0000000000
93361  35.803  -29.137  13.285 0.0000000000
93362  36.105  -28.864  12.846 0.0000000000
93363  36.685  -28.896  12.748 0.0000000000
93364  37.546  -28.583  12.268 0.0000000000
93365  38.525  -28.160  11.800 0.0000000000
93366  39.436  -27.825  11.347 0.0000000000
93367  39.081  -28.256  11.601 0.0000000000
93368  39.664  -28.325  11.257 0.0000000000
97217  43.185  -22.541  6.581 0.0000000000
97218  44.073  -21.855  6.643 0.0000000000
97219  43.850  -22.129  6.992 0.0000000000
97220  44.470  -21.889  7.337 0.0000000000
97221  45.143  -21.689  7.543 0.0000000000
101529  37.352  -27.696  11.300 0.0000000000
101530  36.760  -27.843  11.187 0.0000000000
101531  37.652  -27.392  10.928 0.0000000000
101532  37.958  -27.094  10.533 0.0000000000
101533  38.291  -26.751  10.144 0.0000000000
101534  38.591  -26.461  9.717 0.0000000000
101535  39.111  -26.170  9.940 0.0000000000
101536  39.936  -25.583  9.702 0.0000000000
101537  40.913  -25.010  9.444 0.0000000000
101538  41.875  -24.558  9.297 0.0000000000
101539  41.544  -24.938  9.636 0.0000000000
101540  42.168  -24.918  9.643 0.0000000000
101541  42.844  -24.924  9.512 0.0000000000
101543  43.346  -25.880  9.174 0.0000000000
113098  47.337  -19.337  6.444 0.0000000000
113100  48.207  -18.775  6.198 0.0000000000
113101  49.125  -18.165  5.905 0.0000000000
113102  49.977  -17.561  5.582 0.0000000000
113104  50.614  -17.487  5.462 0.0000000000
113105  51.130  -17.510  5.225 0.0000000000
113106  51.655  -17.446  4.807 0.0000000000
113107  45.653  -22.835  8.171 0.0000000000
113108  45.961  -22.417  7.991 0.0000000000
113109  46.543  -22.428  7.762 0.0000000000
113110  47.384  -21.984  7.359 0.0000000000
113111  48.201  -21.528  6.815 0.0000000000
113112  50.824  -20.574  3.809 0.0000000000
113113  50.362  -20.550  4.356 0.0000000000
113114  51.150  -20.052  3.786 0.0000000000
113115  51.481  -19.536  3.840 0.0000000000
113116  51.821  -19.000  3.873 0.0000000000
118006  35.171  -28.590  12.490 0.0000000000
118007  36.094  -28.357  12.056 0.0000000000
118008  36.386  -28.590  12.466 0.0000000000
118009  36.724  -28.297  12.086 0.0000000000
118010  37.034  -28.006  11.676 0.0000000000
118011  37.950  -27.567  11.354 0.0000000000
118012  38.811  -27.059  11.063 0.0000000000
118013  39.750  -26.571  10.733 0.0000000000
118014  40.625  -26.140  10.406 0.0000000000
118015  40.403  -26.550  10.626 0.0000000000
118016  41.022  -26.590  10.452 0.0000000000
118017  41.616  -26.677  10.167 0.0000000000
118018  40.343  -27.466  10.865 0.0000000000
118019  41.252  -27.129  10.316 0.0000000000
118020  42.134  -26.753  9.803 0.0000000000
127004  45.299  -20.471  5.953 0.0000000000
127005  45.858  -20.174  6.281 0.0000000000
127006  44.917  -21.168  6.678 0.0000000000
127007  45.696  -20.543  6.640 0.0000000000
127008  46.516  -19.942  6.578 0.0000000000
127009  47.213  -19.761  6.769 0.0000000000
127010  47.884  -19.656  6.820 0.0000000000
127011  48.524  -19.614  6.736 0.0000000000
127012  47.589  -22.897  6.436 0.0000000000
127013  47.930  -22.447  6.374 0.0000000000
127014  48.289  -22.465  5.734 0.0000000000
127015  49.009  -21.990  5.022 0.0000000000
127016  49.717  -21.502  4.421 0.0000000000
127017  49.908  -22.051  4.062 0.0000000000
127018  50.190  -21.550  3.923 0.0000000000
127019  50.489  -21.050  3.850 0.0000000000
127020  51.358  -20.635  3.376 0.0000000000
136263  36.140  -27.985  11.077 0.0000000000
136272  38.885  -26.185  9.293 0.0000000000
136273  39.159  -25.949  8.890 0.0000000000
136275  40.340  -25.011  8.264 0.0000000000
136276  41.194  -24.346  8.122 0.0000000000
136277  42.082  -23.726  8.069 0.0000000000
136278  42.972  -23.184  8.011 0.0000000000
136279  42.716  -23.514  8.344 0.0000000000
136280  43.390  -23.369  8.522 0.0000000000
136281  43.990  -23.327  8.603 0.0000000000
136282  42.766  -24.137  9.101 0.0000000000
136283  43.662  -23.709  8.826 0.0000000000
136284  44.698  -23.274  8.516 0.0000000000
136285  45.343  -23.256  8.353 0.0000000000
136286  45.923  -23.272  8.090 0.0000000000
136287  46.453  -23.304  7.687 0.0000000000
136288  41.579  -25.727  10.064 0.0000000000
136289  42.557  -25.330  9.693 0.0000000000
136290  43.516  -24.937  9.272 0.0000000000
136291  43.727  -25.411  9.066 0.0000000000
136292  44.105  -24.949  8.953 0.0000000000
136293  44.397  -24.530  8.811 0.0000000000
136294  45.262  -24.138  8.372 0.0000000000
136295  46.066  -23.758  7.809 0.0000000000
136296  46.882  -23.332  7.113 0.0000000000
136297  47.229  -23.372  6.549 0.0000000000
136298  47.580  -23.411  5.990 0.0000000000
142953  34.953  -29.283  13.806 0.0000000000
142954  35.522  -29.404  13.682 0.0000000000
142955  36.135  -29.484  13.470 0.0000000000
142956  36.738  -29.578  13.150 0.0000000000
159658  43.965  -22.647  7.894 0.0000000000
159659  44.926  -22.073  7.796 0.0000000000
159660  45.839  -21.560  7.641 0.0000000000
159661  46.235  -21.996  7.826 0.0000000000
159662  46.465  -21.549  7.684 0.0000000000
159663  46.682  -21.103  7.469 0.0000000000
159664  47.565  -20.595  7.283 0.0000000000
159665  48.367  -20.083  6.913 0.0000000000
159666  49.185  -19.581  6.510 0.0000000000
159667  48.279  -22.021  6.312 0.0000000000
159668  48.656  -21.530  6.253 0.0000000000
159669  48.952  -21.042  6.244 0.0000000000
159670  49.980  -20.528  5.019 0.0000000000
159671  49.611  -20.544  5.688 0.0000000000
159672  49.189  -20.574  6.275 0.0000000000
159673  49.514  -20.025  6.229 0.0000000000
159674  49.745  -19.526  6.133 0.0000000000
159675  49.975  -19.032  6.025 0.0000000000
159676  50.734  -18.503  5.512 0.0000000000
159677  51.489  -17.943  4.972 0.0000000000
159678  52.195  -17.386  4.290 0.0000000000
159790  35.661  -30.146  14.173 0.0000000000
159791  36.468  -29.985  13.478 0.0000000000
159792  37.286  -29.755  12.813 0.0000000000
159867  37.032  -31.322  13.155 0.0000000000
159869  37.825  -31.144  12.328 0.0000000000
159870  37.311  -30.887  12.834 0.0000000000
159871  37.589  -30.455  12.582 0.0000000000
159872  37.846  -29.989  12.375 0.0000000000
159873  38.198  -29.499  12.130 0.0000000000
