#!ascii label  , from subject fsaverage vox2ras=TkReg
638
331  -52.479  -5.894  -13.494 0.0000000000
1351  -52.997  -15.714  -8.356 0.0000000000
1352  -54.166  -11.861  -8.168 0.0000000000
1749  -55.239  -0.913  -12.705 0.0000000000
1750  -52.016  0.060  -18.164 0.0000000000
2236  -55.516  -19.960  -3.652 0.0000000000
2455  -50.879  -19.213  -7.597 0.0000000000
2458  -50.789  -11.046  -13.402 0.0000000000
2466  -48.469  2.259  -23.668 0.0000000000
3271  -56.431  -12.648  -6.228 0.0000000000
3876  -53.751  -0.419  -15.517 0.0000000000
5490  -56.732  -17.957  -3.655 0.0000000000
5491  -53.037  -19.591  -5.330 0.0000000000
5492  -54.127  -17.585  -5.785 0.0000000000
5493  -51.175  -15.396  -10.618 0.0000000000
5494  -50.237  -17.278  -10.309 0.0000000000
5498  -54.250  -6.297  -10.614 0.0000000000
5499  -53.054  -8.806  -10.473 0.0000000000
5500  -51.580  -8.519  -13.427 0.0000000000
7039  -55.376  -15.881  -6.201 0.0000000000
7040  -56.400  -14.115  -6.865 0.0000000000
7041  -54.068  -13.656  -8.693 0.0000000000
7042  -52.134  -13.321  -10.834 0.0000000000
7043  -50.918  -5.414  -16.477 0.0000000000
7918  -55.433  -4.022  -10.456 0.0000000000
7921  -53.695  -3.480  -13.130 0.0000000000
7922  -52.056  -3.147  -16.161 0.0000000000
7923  -50.621  -2.698  -19.040 0.0000000000
9920  -49.892  -21.223  -7.158 0.0000000000
9921  -48.806  -20.918  -9.477 0.0000000000
9922  -51.892  -17.470  -8.031 0.0000000000
9923  -49.466  -18.990  -9.945 0.0000000000
9928  -54.490  -9.416  -7.689 0.0000000000
9929  -52.443  -11.314  -10.610 0.0000000000
9930  -50.477  -12.894  -13.312 0.0000000000
9953  -50.010  1.116  -20.683 0.0000000000
13170  -57.349  -16.962  -3.905 0.0000000000
13171  -55.447  -17.735  -4.703 0.0000000000
13172  -56.063  -16.787  -4.951 0.0000000000
13173  -50.412  -15.110  -11.864 0.0000000000
13174  -50.000  -16.107  -11.694 0.0000000000
13178  -53.430  -6.180  -12.089 0.0000000000
13179  -52.910  -7.482  -12.000 0.0000000000
13180  -52.031  -7.202  -13.512 0.0000000000
15571  -57.584  -14.218  -5.806 0.0000000000
15572  -57.749  -13.567  -5.782 0.0000000000
15573  -55.253  -12.294  -7.152 0.0000000000
15574  -55.357  -13.030  -7.630 0.0000000000
15575  -54.156  -12.745  -8.480 0.0000000000
15576  -53.020  -13.441  -9.714 0.0000000000
15577  -53.199  -12.390  -9.522 0.0000000000
15578  -50.262  -5.332  -18.037 0.0000000000
17381  -56.412  0.208  -10.848 0.0000000000
17383  -55.977  -1.196  -11.296 0.0000000000
17384  -55.298  -2.539  -11.618 0.0000000000
17385  -54.402  -2.238  -12.963 0.0000000000
17386  -52.794  -3.335  -14.618 0.0000000000
17387  -53.662  -2.052  -14.403 0.0000000000
17388  -52.926  -0.238  -16.912 0.0000000000
17389  -52.151  -1.630  -17.317 0.0000000000
17390  -51.302  -1.361  -18.635 0.0000000000
17391  -49.798  -2.363  -20.385 0.0000000000
17392  -50.289  -0.948  -20.017 0.0000000000
22230  -54.933  -21.002  -3.692 0.0000000000
22232  -53.636  -20.806  -4.393 0.0000000000
22233  -51.903  -19.352  -6.427 0.0000000000
22234  -51.336  -20.396  -6.245 0.0000000000
22235  -50.404  -20.192  -7.362 0.0000000000
22236  -49.209  -21.086  -8.315 0.0000000000
22237  -49.670  -20.061  -8.489 0.0000000000
22238  -54.190  -15.856  -7.249 0.0000000000
22239  -53.628  -16.697  -6.989 0.0000000000
22240  -52.447  -16.621  -8.135 0.0000000000
22241  -49.303  -17.952  -11.348 0.0000000000
22242  -49.826  -18.121  -10.161 0.0000000000
22243  -49.069  -18.892  -11.182 0.0000000000
22244  -48.851  -19.893  -10.929 0.0000000000
22255  -54.973  -8.125  -7.585 0.0000000000
22256  -51.934  -10.084  -11.914 0.0000000000
22257  -52.579  -10.123  -10.529 0.0000000000
22258  -51.666  -11.301  -12.019 0.0000000000
22259  -51.501  -12.281  -12.165 0.0000000000
22260  -50.626  -12.060  -13.391 0.0000000000
22316  -49.753  3.438  -21.660 0.0000000000
22317  -50.683  2.821  -20.325 0.0000000000
22318  -49.133  1.743  -22.150 0.0000000000
22319  -48.537  0.166  -22.558 0.0000000000
22320  -48.209  0.724  -24.104 0.0000000000
24322  -55.243  -11.210  -6.712 0.0000000000
25407  -55.809  0.518  -12.191 0.0000000000
25408  -54.530  -0.626  -14.115 0.0000000000
25409  -54.963  0.731  -13.526 0.0000000000
25410  -54.166  0.919  -14.985 0.0000000000
25411  -53.390  1.149  -16.503 0.0000000000
28314  -56.127  -18.929  -3.597 0.0000000000
28315  -54.252  -19.751  -4.396 0.0000000000
28316  -54.872  -18.730  -4.504 0.0000000000
28317  -53.605  -18.539  -5.547 0.0000000000
28318  -52.461  -18.362  -6.599 0.0000000000
28319  -52.022  -15.602  -9.442 0.0000000000
28320  -51.475  -16.512  -9.285 0.0000000000
28321  -50.568  -16.363  -10.488 0.0000000000
28322  -49.579  -17.043  -11.574 0.0000000000
28328  -54.850  -6.479  -9.098 0.0000000000
28329  -54.204  -7.732  -9.056 0.0000000000
28330  -53.611  -7.556  -10.449 0.0000000000
28331  -52.392  -8.810  -11.929 0.0000000000
28332  -51.170  -9.861  -13.341 0.0000000000
31783  -56.727  -15.925  -5.133 0.0000000000
31784  -57.267  -15.005  -5.476 0.0000000000
31785  -55.921  -14.984  -6.558 0.0000000000
31786  -54.750  -14.843  -7.551 0.0000000000
31787  -56.577  -13.358  -6.772 0.0000000000
31788  -55.244  -13.922  -7.841 0.0000000000
31789  -53.571  -14.664  -8.586 0.0000000000
31790  -52.570  -14.549  -9.687 0.0000000000
31791  -51.687  -14.417  -10.865 0.0000000000
31792  -50.916  -14.141  -12.033 0.0000000000
31793  -51.626  -5.565  -15.004 0.0000000000
31794  -51.156  -6.892  -15.068 0.0000000000
34106  -55.528  -5.338  -9.172 0.0000000000
34107  -54.926  -5.111  -10.671 0.0000000000
34108  -53.976  -4.909  -11.984 0.0000000000
34115  -56.067  -2.813  -10.276 0.0000000000
34116  -54.474  -3.793  -11.818 0.0000000000
34117  -53.054  -4.636  -13.310 0.0000000000
34118  -52.214  -4.411  -14.816 0.0000000000
34119  -51.434  -4.325  -16.398 0.0000000000
34120  -50.823  -4.237  -17.835 0.0000000000
34121  -52.941  -1.839  -15.882 0.0000000000
34122  -51.341  -3.038  -17.625 0.0000000000
34123  -50.014  -4.014  -19.336 0.0000000000
34124  -49.350  -3.675  -20.753 0.0000000000
38051  -57.778  -18.538  -2.862 0.0000000000
39994  -52.413  -20.615  -5.219 0.0000000000
39995  -50.831  -21.458  -6.041 0.0000000000
39997  -48.833  -22.047  -8.083 0.0000000000
39998  -48.470  -21.924  -9.272 0.0000000000
40000  -54.786  -16.750  -5.987 0.0000000000
40001  -52.982  -17.530  -6.838 0.0000000000
40002  -51.379  -18.295  -7.805 0.0000000000
40003  -50.983  -17.403  -9.182 0.0000000000
40004  -50.489  -18.261  -9.000 0.0000000000
40005  -50.084  -19.105  -8.747 0.0000000000
40006  -49.131  -19.949  -9.718 0.0000000000
40019  -55.462  -9.934  -6.429 0.0000000000
40020  -54.270  -10.733  -7.880 0.0000000000
40021  -53.686  -8.983  -9.105 0.0000000000
40022  -53.341  -10.308  -9.125 0.0000000000
40023  -53.223  -11.482  -9.328 0.0000000000
40024  -52.332  -12.291  -10.830 0.0000000000
40025  -51.247  -13.155  -12.104 0.0000000000
40027  -50.776  -8.206  -15.038 0.0000000000
40028  -50.334  -9.508  -14.850 0.0000000000
40029  -49.989  -10.658  -14.689 0.0000000000
40092  -52.662  1.535  -17.835 0.0000000000
40094  -51.682  2.129  -19.039 0.0000000000
40095  -50.982  0.558  -19.485 0.0000000000
40096  -49.363  -0.368  -21.145 0.0000000000
43891  -56.710  -16.859  -4.421 0.0000000000
43892  -57.039  -16.404  -4.546 0.0000000000
43893  -50.132  -14.978  -12.497 0.0000000000
43894  -49.917  -15.479  -12.424 0.0000000000
43898  -52.970  -6.026  -12.766 0.0000000000
43899  -52.648  -6.702  -12.858 0.0000000000
43900  -52.197  -6.561  -13.569 0.0000000000
46291  -58.371  -13.640  -5.244 0.0000000000
46293  -54.680  -12.058  -7.648 0.0000000000
46294  -54.673  -12.510  -7.834 0.0000000000
46295  -54.145  -12.314  -8.333 0.0000000000
46296  -53.659  -12.559  -8.977 0.0000000000
46297  -53.663  -12.123  -8.860 0.0000000000
48101  -55.917  -0.349  -11.767 0.0000000000
48102  -56.246  -0.444  -11.071 0.0000000000
48103  -55.606  -1.053  -12.027 0.0000000000
48104  -55.230  -1.776  -12.186 0.0000000000
48105  -54.834  -1.609  -12.873 0.0000000000
48106  -54.033  -2.124  -13.620 0.0000000000
48107  -54.487  -1.441  -13.491 0.0000000000
48108  -52.482  -0.104  -17.572 0.0000000000
48109  -52.110  -0.811  -17.779 0.0000000000
48110  -51.639  -0.669  -18.403 0.0000000000
48111  -50.780  -1.163  -19.343 0.0000000000
48112  -51.147  -0.463  -19.075 0.0000000000
52950  -55.214  -20.505  -3.672 0.0000000000
52951  -54.273  -20.899  -4.036 0.0000000000
52952  -54.585  -20.369  -4.028 0.0000000000
52953  -51.374  -19.276  -7.002 0.0000000000
52954  -51.107  -19.778  -6.902 0.0000000000
52955  -50.647  -19.684  -7.484 0.0000000000
52956  -50.015  -20.116  -7.925 0.0000000000
52957  -50.245  -19.628  -8.041 0.0000000000
52958  -53.605  -15.750  -7.787 0.0000000000
52959  -53.298  -16.211  -7.667 0.0000000000
52960  -52.701  -16.166  -8.235 0.0000000000
52962  -49.183  -18.432  -11.293 0.0000000000
52974  -55.778  -7.683  -6.848 0.0000000000
52975  -55.271  -7.464  -7.570 0.0000000000
52976  -51.393  -10.636  -12.689 0.0000000000
52977  -51.755  -10.729  -11.952 0.0000000000
52978  -51.209  -11.208  -12.731 0.0000000000
52979  -51.134  -11.707  -12.745 0.0000000000
52980  -50.680  -11.592  -13.384 0.0000000000
53036  -49.072  2.866  -22.642 0.0000000000
53037  -49.463  2.589  -21.917 0.0000000000
53038  -48.767  2.042  -22.832 0.0000000000
53039  -48.480  1.215  -23.117 0.0000000000
53040  -48.315  1.477  -23.872 0.0000000000
55896  -55.807  -11.464  -6.172 0.0000000000
55897  -55.881  -10.840  -5.997 0.0000000000
57706  -55.390  0.590  -12.887 0.0000000000
57711  -53.756  1.039  -15.764 0.0000000000
62550  -56.419  -18.442  -3.603 0.0000000000
62551  -55.501  -18.833  -4.026 0.0000000000
62552  -55.789  -18.340  -4.086 0.0000000000
62553  -54.789  -17.635  -5.254 0.0000000000
62554  -54.512  -18.116  -5.144 0.0000000000
62555  -53.860  -18.046  -5.666 0.0000000000
62556  -53.018  -18.450  -6.067 0.0000000000
62557  -53.278  -18.002  -6.180 0.0000000000
62558  -51.588  -15.518  -10.012 0.0000000000
62559  -51.258  -15.989  -9.973 0.0000000000
62560  -50.832  -15.896  -10.582 0.0000000000
62561  -49.565  -16.506  -12.309 0.0000000000
62562  -49.798  -16.583  -11.626 0.0000000000
62573  -54.521  -6.371  -9.867 0.0000000000
62574  -54.241  -6.989  -9.697 0.0000000000
62575  -53.937  -6.928  -10.519 0.0000000000
62576  -52.221  -8.002  -12.779 0.0000000000
62577  -52.650  -8.123  -12.000 0.0000000000
62578  -52.002  -8.701  -12.673 0.0000000000
62579  -51.766  -9.335  -12.655 0.0000000000
62580  -51.373  -9.220  -13.354 0.0000000000
69751  -57.899  -15.034  -4.955 0.0000000000
69752  -58.055  -14.647  -5.126 0.0000000000
69753  -56.975  -14.167  -6.350 0.0000000000
69754  -56.781  -14.579  -6.248 0.0000000000
69755  -56.150  -14.544  -6.798 0.0000000000
69756  -55.335  -14.928  -7.059 0.0000000000
69757  -55.596  -14.460  -7.242 0.0000000000
69758  -57.084  -12.827  -5.762 0.0000000000
69759  -57.167  -13.179  -6.104 0.0000000000
69760  -56.535  -13.029  -6.533 0.0000000000
69761  -54.763  -13.343  -8.175 0.0000000000
69762  -55.357  -13.470  -7.769 0.0000000000
69763  -54.647  -13.788  -8.279 0.0000000000
69764  -54.430  -14.256  -8.187 0.0000000000
69765  -53.839  -14.156  -8.664 0.0000000000
69766  -53.048  -14.608  -9.130 0.0000000000
69767  -53.302  -14.051  -9.193 0.0000000000
69768  -52.565  -13.383  -10.270 0.0000000000
69769  -52.364  -13.947  -10.322 0.0000000000
69770  -51.923  -13.874  -10.881 0.0000000000
69771  -51.277  -14.290  -11.446 0.0000000000
69772  -51.520  -13.773  -11.484 0.0000000000
69773  -51.247  -5.497  -15.733 0.0000000000
69774  -50.983  -6.107  -15.801 0.0000000000
69775  -50.621  -6.038  -16.558 0.0000000000
75170  -55.188  -4.548  -10.517 0.0000000000
75171  -54.442  -5.022  -11.351 0.0000000000
75172  -54.686  -4.491  -11.199 0.0000000000
75190  -56.366  -2.214  -10.155 0.0000000000
75191  -54.467  -3.015  -12.345 0.0000000000
75192  -54.882  -3.165  -11.673 0.0000000000
75193  -54.065  -3.654  -12.464 0.0000000000
75194  -53.776  -4.202  -12.535 0.0000000000
75195  -53.326  -4.091  -13.247 0.0000000000
75196  -52.624  -4.521  -14.032 0.0000000000
75197  -52.903  -3.978  -14.014 0.0000000000
75198  -52.397  -3.242  -15.399 0.0000000000
75199  -52.073  -3.797  -15.528 0.0000000000
75200  -51.743  -3.744  -16.265 0.0000000000
75201  -51.124  -4.302  -17.125 0.0000000000
75202  -51.417  -3.697  -17.004 0.0000000000
75203  -54.167  -0.496  -14.818 0.0000000000
75204  -53.750  -1.286  -15.046 0.0000000000
75205  -53.391  -1.131  -15.763 0.0000000000
75206  -51.392  -2.197  -18.149 0.0000000000
75207  -51.746  -2.368  -17.463 0.0000000000
75208  -50.999  -2.911  -18.358 0.0000000000
75209  -50.678  -3.555  -18.490 0.0000000000
75210  -50.313  -3.375  -19.192 0.0000000000
75211  -49.663  -3.857  -20.036 0.0000000000
75212  -49.962  -3.166  -19.864 0.0000000000
84885  -57.490  -19.017  -2.910 0.0000000000
89738  -53.629  -19.684  -4.840 0.0000000000
89739  -53.306  -20.203  -4.812 0.0000000000
89740  -52.726  -20.108  -5.264 0.0000000000
89741  -50.571  -20.812  -6.697 0.0000000000
89742  -51.045  -20.935  -6.140 0.0000000000
89743  -50.339  -21.333  -6.584 0.0000000000
89744  -50.093  -21.818  -6.530 0.0000000000
89745  -49.656  -21.736  -7.058 0.0000000000
89747  -49.297  -21.632  -7.621 0.0000000000
89748  -48.977  -21.003  -8.888 0.0000000000
89749  -48.785  -21.502  -8.762 0.0000000000
89750  -48.624  -21.411  -9.380 0.0000000000
89753  -56.053  -15.884  -5.630 0.0000000000
89754  -55.748  -16.345  -5.529 0.0000000000
89755  -55.103  -16.327  -6.069 0.0000000000
89756  -52.722  -17.062  -7.531 0.0000000000
89757  -53.292  -17.086  -6.954 0.0000000000
89758  -52.416  -17.471  -7.432 0.0000000000
89759  -52.135  -17.900  -7.297 0.0000000000
89760  -51.640  -17.884  -7.901 0.0000000000
89761  -50.813  -16.897  -9.798 0.0000000000
89762  -51.222  -16.968  -9.241 0.0000000000
89763  -50.594  -17.350  -9.743 0.0000000000
89764  -49.622  -18.542  -10.081 0.0000000000
89765  -50.142  -18.198  -9.575 0.0000000000
89766  -49.912  -18.608  -9.480 0.0000000000
89767  -50.265  -18.660  -8.869 0.0000000000
89768  -49.755  -19.058  -9.331 0.0000000000
89769  -49.569  -19.512  -9.221 0.0000000000
89770  -49.322  -19.464  -9.807 0.0000000000
89772  -48.792  -20.417  -10.867 0.0000000000
89801  -55.135  -9.036  -6.987 0.0000000000
89803  -54.954  -9.672  -7.055 0.0000000000
89804  -54.812  -10.318  -7.204 0.0000000000
89805  -54.308  -10.081  -7.862 0.0000000000
89806  -53.624  -8.206  -9.728 0.0000000000
89807  -53.908  -8.295  -9.047 0.0000000000
89808  -53.353  -8.860  -9.795 0.0000000000
89809  -52.487  -10.789  -10.537 0.0000000000
89810  -52.958  -10.181  -9.788 0.0000000000
89811  -52.858  -10.787  -9.838 0.0000000000
89812  -53.260  -10.936  -9.210 0.0000000000
89813  -52.829  -11.337  -9.965 0.0000000000
89814  -52.772  -11.838  -10.121 0.0000000000
89815  -52.369  -11.817  -10.751 0.0000000000
89816  -50.959  -12.638  -12.775 0.0000000000
89817  -51.376  -12.731  -12.146 0.0000000000
89818  -50.838  -13.042  -12.714 0.0000000000
89819  -50.714  -13.488  -12.718 0.0000000000
89820  -50.336  -13.385  -13.335 0.0000000000
89821  -50.574  -7.421  -15.887 0.0000000000
89822  -50.967  -7.549  -15.108 0.0000000000
89823  -50.371  -8.080  -15.868 0.0000000000
89825  -49.948  -9.358  -15.629 0.0000000000
89826  -49.735  -9.938  -15.578 0.0000000000
89827  -50.159  -10.107  -14.747 0.0000000000
89828  -49.612  -10.504  -15.470 0.0000000000
89989  -50.335  1.936  -20.537 0.0000000000
89990  -51.192  2.468  -19.677 0.0000000000
89991  -50.816  1.603  -19.875 0.0000000000
89992  -51.308  1.319  -19.254 0.0000000000
89993  -50.460  0.832  -20.091 0.0000000000
89994  -50.127  0.047  -20.344 0.0000000000
89995  -49.620  0.369  -20.966 0.0000000000
89996  -48.259  -0.364  -23.578 0.0000000000
89997  -48.447  -0.573  -22.822 0.0000000000
97434  -57.045  -17.486  -3.774 0.0000000000
97435  -56.085  -17.866  -4.157 0.0000000000
97436  -56.384  -17.354  -4.294 0.0000000000
97437  -55.760  -17.263  -4.816 0.0000000000
97438  -55.111  -17.202  -5.351 0.0000000000
97439  -50.781  -15.249  -11.255 0.0000000000
97440  -50.498  -15.752  -11.164 0.0000000000
97441  -50.196  -15.606  -11.772 0.0000000000
97442  -49.742  -15.996  -12.353 0.0000000000
97448  -53.877  -6.251  -11.353 0.0000000000
97449  -53.583  -6.883  -11.315 0.0000000000
97450  -53.160  -6.843  -12.103 0.0000000000
97451  -52.484  -7.350  -12.718 0.0000000000
97452  -51.793  -7.860  -13.521 0.0000000000
101755  -58.212  -14.319  -5.245 0.0000000000
101756  -58.339  -13.986  -5.289 0.0000000000
101757  -57.707  -13.868  -5.838 0.0000000000
101758  -57.110  -13.794  -6.379 0.0000000000
101759  -55.840  -12.494  -6.681 0.0000000000
101760  -55.915  -12.831  -6.982 0.0000000000
101761  -55.300  -12.655  -7.411 0.0000000000
101762  -54.718  -12.924  -8.027 0.0000000000
101763  -54.183  -13.168  -8.607 0.0000000000
101764  -53.521  -13.494  -9.156 0.0000000000
101765  -53.616  -12.961  -9.079 0.0000000000
101766  -53.164  -12.879  -9.616 0.0000000000
101767  -52.707  -12.831  -10.199 0.0000000000
101768  -50.600  -5.331  -17.248 0.0000000000
101769  -50.302  -5.986  -17.364 0.0000000000
105018  -55.986  -2.072  -10.826 0.0000000000
105019  -55.647  -1.911  -11.472 0.0000000000
105020  -54.845  -2.373  -12.278 0.0000000000
105021  -54.030  -2.855  -13.031 0.0000000000
105022  -53.223  -3.423  -13.874 0.0000000000
105023  -53.600  -2.780  -13.744 0.0000000000
105024  -53.175  -2.730  -14.500 0.0000000000
105025  -52.802  -2.648  -15.275 0.0000000000
105026  -53.362  -0.338  -16.211 0.0000000000
105027  -53.003  -1.016  -16.415 0.0000000000
105028  -52.576  -0.916  -17.105 0.0000000000
105029  -51.755  -1.502  -17.991 0.0000000000
105030  -50.982  -2.030  -18.840 0.0000000000
105031  -50.209  -2.520  -19.732 0.0000000000
105032  -50.532  -1.867  -19.510 0.0000000000
105033  -50.013  -1.672  -20.217 0.0000000000
105034  -49.581  -1.443  -20.852 0.0000000000
113744  -53.985  -21.407  -4.050 0.0000000000
113747  -52.473  -19.444  -5.872 0.0000000000
113748  -52.164  -19.971  -5.800 0.0000000000
113749  -51.628  -19.868  -6.339 0.0000000000
113750  -50.836  -20.295  -6.799 0.0000000000
113751  -50.139  -20.729  -7.254 0.0000000000
113752  -49.505  -21.143  -7.760 0.0000000000
113753  -49.748  -20.655  -7.824 0.0000000000
113754  -49.427  -20.560  -8.414 0.0000000000
113755  -49.174  -20.510  -9.003 0.0000000000
113756  -54.765  -15.882  -6.730 0.0000000000
113757  -54.488  -16.312  -6.610 0.0000000000
113758  -53.946  -16.293  -7.101 0.0000000000
113759  -53.034  -16.662  -7.551 0.0000000000
113760  -52.143  -17.050  -8.122 0.0000000000
113761  -49.681  -17.608  -10.856 0.0000000000
113762  -50.018  -17.697  -10.254 0.0000000000
113763  -49.512  -18.045  -10.783 0.0000000000
113764  -49.375  -18.482  -10.671 0.0000000000
113765  -49.239  -18.926  -10.555 0.0000000000
113766  -49.112  -19.413  -10.417 0.0000000000
113767  -48.945  -19.368  -11.049 0.0000000000
113786  -55.397  -8.388  -6.931 0.0000000000
113787  -54.711  -8.777  -7.641 0.0000000000
113788  -52.487  -9.484  -11.198 0.0000000000
113789  -52.779  -9.472  -10.531 0.0000000000
113790  -52.245  -10.131  -11.222 0.0000000000
113791  -52.122  -10.777  -11.230 0.0000000000
113792  -52.059  -11.309  -11.311 0.0000000000
113793  -51.983  -11.808  -11.408 0.0000000000
113794  -51.604  -11.802  -12.129 0.0000000000
113795  -51.075  -12.173  -12.782 0.0000000000
113796  -50.531  -12.473  -13.391 0.0000000000
113896  -50.482  3.986  -20.791 0.0000000000
113898  -50.213  3.139  -20.984 0.0000000000
113899  -49.860  2.275  -21.261 0.0000000000
113900  -49.553  1.420  -21.412 0.0000000000
113901  -49.217  0.649  -21.579 0.0000000000
113902  -48.826  0.932  -22.325 0.0000000000
113903  -48.305  0.426  -23.398 0.0000000000
113904  -48.189  -0.102  -24.303 0.0000000000
118186  -57.022  -12.387  -5.453 0.0000000000
118189  -56.433  -12.248  -5.932 0.0000000000
118190  -55.787  -12.075  -6.415 0.0000000000
118191  -55.218  -11.828  -6.931 0.0000000000
118192  -54.705  -11.567  -7.458 0.0000000000
120722  -56.155  0.422  -11.469 0.0000000000
120723  -55.580  -0.200  -12.477 0.0000000000
120724  -54.900  -0.743  -13.372 0.0000000000
120725  -55.206  -0.079  -13.199 0.0000000000
120726  -54.836  0.083  -13.851 0.0000000000
120727  -54.422  0.182  -14.567 0.0000000000
120729  -54.553  0.801  -14.251 0.0000000000
120730  -53.986  0.239  -15.291 0.0000000000
120731  -53.617  0.324  -15.975 0.0000000000
120732  -53.224  0.443  -16.696 0.0000000000
120733  -52.803  0.592  -17.369 0.0000000000
127506  -55.832  -19.423  -3.616 0.0000000000
127507  -54.910  -19.852  -4.013 0.0000000000
127508  -55.208  -19.333  -3.992 0.0000000000
127509  -54.577  -19.259  -4.407 0.0000000000
127510  -53.904  -19.135  -4.936 0.0000000000
127511  -55.153  -18.229  -4.605 0.0000000000
127512  -54.221  -18.624  -5.036 0.0000000000
127513  -53.304  -19.037  -5.444 0.0000000000
127514  -52.741  -18.951  -5.955 0.0000000000
127515  -52.183  -18.845  -6.506 0.0000000000
127516  -51.623  -18.785  -7.105 0.0000000000
127517  -52.450  -15.671  -8.918 0.0000000000
127518  -52.159  -16.143  -8.816 0.0000000000
127519  -51.724  -16.061  -9.364 0.0000000000
127520  -51.023  -16.438  -9.870 0.0000000000
127521  -50.406  -16.822  -10.370 0.0000000000
127522  -50.273  -16.230  -11.064 0.0000000000
127523  -50.080  -16.693  -10.976 0.0000000000
127524  -49.895  -17.173  -10.920 0.0000000000
127525  -49.463  -17.480  -11.427 0.0000000000
127539  -54.862  -7.263  -8.309 0.0000000000
127540  -54.516  -7.098  -9.025 0.0000000000
127541  -53.903  -7.599  -9.714 0.0000000000
127542  -53.318  -8.176  -10.441 0.0000000000
127543  -53.291  -7.528  -11.229 0.0000000000
127544  -52.997  -8.177  -11.197 0.0000000000
127545  -52.735  -8.830  -11.199 0.0000000000
127546  -52.135  -9.417  -11.929 0.0000000000
127547  -51.594  -9.980  -12.621 0.0000000000
127548  -50.974  -10.453  -13.364 0.0000000000
127629  -50.649  4.745  -20.678 0.0000000000
127630  -49.994  4.241  -21.463 0.0000000000
127631  -49.291  3.665  -22.395 0.0000000000
127632  -48.644  3.076  -23.507 0.0000000000
136735  -57.368  -15.971  -4.663 0.0000000000
136736  -57.658  -15.534  -4.791 0.0000000000
136737  -56.997  -15.473  -5.282 0.0000000000
136738  -56.332  -15.432  -5.802 0.0000000000
136739  -57.431  -14.606  -5.670 0.0000000000
136740  -56.605  -14.996  -6.009 0.0000000000
136741  -55.649  -15.433  -6.352 0.0000000000
136742  -55.039  -15.425  -6.883 0.0000000000
136743  -54.466  -15.358  -7.400 0.0000000000
136744  -53.901  -15.250  -7.905 0.0000000000
136746  -57.162  -13.465  -6.341 0.0000000000
136747  -56.529  -13.718  -6.890 0.0000000000
136748  -55.974  -13.207  -7.198 0.0000000000
136749  -55.950  -13.613  -7.351 0.0000000000
136750  -55.840  -14.052  -7.377 0.0000000000
136751  -55.013  -14.360  -7.713 0.0000000000
136752  -54.175  -14.742  -8.049 0.0000000000
136753  -53.285  -15.191  -8.478 0.0000000000
136754  -52.766  -15.146  -9.022 0.0000000000
136755  -52.290  -15.107  -9.572 0.0000000000
136756  -51.858  -15.036  -10.116 0.0000000000
136757  -52.825  -13.991  -9.747 0.0000000000
136758  -52.149  -14.495  -10.260 0.0000000000
136759  -51.472  -14.924  -10.736 0.0000000000
136760  -51.081  -14.789  -11.353 0.0000000000
136761  -50.668  -14.630  -11.932 0.0000000000
136762  -50.358  -14.487  -12.567 0.0000000000
136763  -52.030  -5.727  -14.245 0.0000000000
136764  -51.772  -6.411  -14.283 0.0000000000
136765  -51.369  -6.219  -15.036 0.0000000000
136766  -50.782  -6.773  -15.846 0.0000000000
143391  -55.187  -5.900  -9.159 0.0000000000
143392  -54.878  -5.798  -9.893 0.0000000000
143394  -55.204  -5.222  -9.931 0.0000000000
143395  -54.583  -5.718  -10.566 0.0000000000
143396  -54.160  -5.646  -11.325 0.0000000000
143397  -53.710  -5.528  -12.040 0.0000000000
143398  -53.261  -5.373  -12.703 0.0000000000
143419  -55.731  -3.419  -10.391 0.0000000000
143420  -55.692  -2.711  -10.933 0.0000000000
143421  -55.326  -3.274  -11.051 0.0000000000
143422  -54.942  -3.899  -11.159 0.0000000000
143423  -54.231  -4.338  -11.870 0.0000000000
143424  -53.544  -4.735  -12.605 0.0000000000
143425  -52.793  -5.208  -13.427 0.0000000000
143426  -52.347  -5.083  -14.159 0.0000000000
143427  -51.923  -4.986  -14.900 0.0000000000
143428  -51.518  -4.910  -15.692 0.0000000000
143429  -52.471  -3.890  -14.786 0.0000000000
143430  -51.778  -4.352  -15.644 0.0000000000
143431  -51.153  -4.842  -16.485 0.0000000000
143432  -50.818  -4.811  -17.241 0.0000000000
143433  -50.522  -4.814  -17.960 0.0000000000
143435  -54.111  -1.395  -14.279 0.0000000000
143436  -53.292  -1.969  -15.163 0.0000000000
143437  -52.456  -2.516  -16.011 0.0000000000
143438  -52.545  -1.758  -16.616 0.0000000000
143439  -52.102  -2.469  -16.739 0.0000000000
143440  -51.700  -3.103  -16.893 0.0000000000
143441  -51.071  -3.648  -17.744 0.0000000000
143442  -50.390  -4.138  -18.621 0.0000000000
143447  -49.560  -2.994  -20.572 0.0000000000
155111  -56.658  -19.208  -3.241 0.0000000000
155112  -56.968  -18.716  -3.211 0.0000000000
155113  -57.225  -18.246  -3.222 0.0000000000
155116  -57.576  -17.779  -3.264 0.0000000000
155117  -57.883  -17.290  -3.364 0.0000000000
160936  -53.930  -20.289  -4.400 0.0000000000
160937  -53.015  -20.713  -4.776 0.0000000000
160938  -52.134  -21.132  -5.169 0.0000000000
160939  -51.861  -20.505  -5.716 0.0000000000
160940  -51.560  -21.048  -5.633 0.0000000000
160941  -51.321  -21.553  -5.589 0.0000000000
160942  -50.586  -21.912  -6.026 0.0000000000
160948  -49.011  -21.563  -8.187 0.0000000000
160949  -48.608  -21.987  -8.651 0.0000000000
160954  -56.405  -16.355  -5.041 0.0000000000
160955  -55.412  -16.772  -5.479 0.0000000000
160956  -54.462  -17.162  -5.883 0.0000000000
160957  -54.191  -16.712  -6.479 0.0000000000
160958  -53.855  -17.133  -6.390 0.0000000000
160959  -53.556  -17.574  -6.290 0.0000000000
160960  -52.714  -17.958  -6.717 0.0000000000
160961  -51.911  -18.319  -7.192 0.0000000000
160962  -51.119  -18.736  -7.700 0.0000000000
160963  -51.914  -16.587  -8.732 0.0000000000
160964  -51.663  -17.019  -8.682 0.0000000000
160965  -51.414  -17.442  -8.617 0.0000000000
160966  -50.394  -17.766  -9.652 0.0000000000
160967  -50.738  -17.826  -9.104 0.0000000000
160968  -51.170  -17.865  -8.508 0.0000000000
160969  -50.887  -18.274  -8.420 0.0000000000
160970  -50.669  -18.698  -8.288 0.0000000000
160971  -50.454  -19.150  -8.171 0.0000000000
160972  -49.880  -19.573  -8.621 0.0000000000
160973  -49.357  -19.991  -9.114 0.0000000000
160974  -48.979  -20.457  -9.613 0.0000000000
160975  -48.969  -19.918  -10.304 0.0000000000
160976  -48.848  -20.392  -10.248 0.0000000000
160977  -48.729  -20.921  -10.099 0.0000000000
161013  -56.024  -10.182  -5.856 0.0000000000
161014  -55.319  -10.567  -6.569 0.0000000000
161015  -54.732  -10.958  -7.271 0.0000000000
161016  -54.223  -11.327  -7.999 0.0000000000
161017  -54.566  -7.903  -8.299 0.0000000000
161018  -54.330  -8.518  -8.299 0.0000000000
161019  -54.072  -9.175  -8.378 0.0000000000
161020  -53.126  -9.532  -9.807 0.0000000000
161021  -53.494  -9.651  -9.093 0.0000000000
161022  -53.861  -9.841  -8.449 0.0000000000
161023  -53.765  -10.504  -8.500 0.0000000000
161024  -53.714  -11.122  -8.592 0.0000000000
161025  -53.682  -11.654  -8.726 0.0000000000
161026  -53.220  -11.929  -9.425 0.0000000000
161027  -52.771  -12.327  -10.163 0.0000000000
161028  -52.259  -12.790  -10.822 0.0000000000
161029  -51.902  -12.287  -11.490 0.0000000000
161030  -51.800  -12.756  -11.501 0.0000000000
161031  -51.682  -13.256  -11.481 0.0000000000
161032  -51.117  -13.645  -12.110 0.0000000000
161033  -50.564  -13.982  -12.696 0.0000000000
161035  -51.575  -7.048  -14.323 0.0000000000
161036  -51.386  -7.675  -14.304 0.0000000000
161037  -51.171  -8.343  -14.209 0.0000000000
161038  -50.156  -8.708  -15.745 0.0000000000
161039  -50.551  -8.860  -14.917 0.0000000000
161040  -50.946  -9.028  -14.129 0.0000000000
161041  -50.748  -9.685  -14.077 0.0000000000
161042  -50.567  -10.280  -14.037 0.0000000000
161043  -50.379  -10.856  -14.052 0.0000000000
161052  -50.270  -11.442  -14.031 0.0000000000
161053  -50.140  -11.967  -14.048 0.0000000000
161054  -50.149  -12.383  -13.988 0.0000000000
161055  -50.083  -12.796  -13.967 0.0000000000
161058  -50.009  -13.258  -13.958 0.0000000000
161231  -53.052  1.333  -17.180 0.0000000000
161232  -52.362  0.827  -18.007 0.0000000000
161235  -52.612  3.317  -17.993 0.0000000000
161237  -51.966  2.933  -18.786 0.0000000000
161238  -52.474  2.592  -18.167 0.0000000000
161239  -52.161  1.804  -18.436 0.0000000000
161240  -51.835  1.061  -18.601 0.0000000000
161241  -51.512  0.331  -18.865 0.0000000000
161242  -50.633  -0.186  -19.732 0.0000000000
161243  -49.821  -0.655  -20.563 0.0000000000
161244  -49.171  -1.113  -21.469 0.0000000000
161245  -48.929  -0.093  -21.851 0.0000000000
161246  -48.784  -0.845  -22.128 0.0000000000
161313  -48.219  2.456  -24.521 0.0000000000
161322  -48.169  1.683  -24.720 0.0000000000
