#!ascii label  , from subject fsaverage vox2ras=TkReg
400
270  -48.925  -22.774  6.566 0.0000000000
750  -40.125  -28.929  10.530 0.0000000000
751  -34.033  -30.322  12.728 0.0000000000
1172  -44.123  -22.077  6.082 0.0000000000
1173  -50.737  -18.363  5.717 0.0000000000
1639  -45.488  -26.747  6.323 0.0000000000
1640  -42.373  -25.161  8.907 0.0000000000
2669  -34.330  -32.352  14.691 0.0000000000
2670  -35.643  -31.041  13.154 0.0000000000
2671  -32.847  -31.250  14.840 0.0000000000
3692  -38.174  -27.923  10.601 0.0000000000
3693  -41.389  -27.004  9.920 0.0000000000
3694  -39.076  -26.407  9.079 0.0000000000
5959  -38.629  -30.660  11.053 0.0000000000
5960  -37.048  -29.482  12.005 0.0000000000
6718  -46.553  -22.058  7.352 0.0000000000
6719  -50.123  -20.604  6.273 0.0000000000
6720  -47.210  -20.025  6.184 0.0000000000
6721  -47.865  -18.267  4.596 0.0000000000
7665  -47.337  -24.857  6.555 0.0000000000
7666  -43.038  -28.101  8.640 0.0000000000
7667  -44.547  -26.151  8.595 0.0000000000
7668  -45.710  -24.092  8.140 0.0000000000
7669  -43.173  -23.517  7.594 0.0000000000
10350  -33.613  -31.773  14.912 0.0000000000
11372  -37.188  -27.846  10.001 0.0000000000
11373  -38.701  -27.141  9.872 0.0000000000
12637  -49.524  -22.943  5.583 0.0000000000
12639  -50.320  -21.886  5.579 0.0000000000
13771  -37.648  -31.419  11.413 0.0000000000
13772  -34.837  -30.585  13.142 0.0000000000
13773  -36.428  -30.258  12.582 0.0000000000
13774  -35.543  -29.934  12.381 0.0000000000
13775  -36.159  -29.230  11.654 0.0000000000
13776  -34.596  -29.797  11.800 0.0000000000
15037  -45.289  -21.898  6.963 0.0000000000
15038  -46.943  -20.995  6.815 0.0000000000
15039  -45.619  -21.003  6.203 0.0000000000
15041  -46.307  -19.394  4.542 0.0000000000
15043  -48.291  -17.431  3.741 0.0000000000
16832  -45.624  -26.772  5.072 0.0000000000
16834  -46.586  -25.851  5.180 0.0000000000
16835  -47.569  -24.890  5.314 0.0000000000
16836  -46.411  -25.826  6.445 0.0000000000
16837  -40.824  -29.584  9.763 0.0000000000
16838  -42.217  -29.077  8.600 0.0000000000
16839  -41.567  -28.569  9.636 0.0000000000
16840  -41.915  -26.071  9.463 0.0000000000
16841  -43.031  -26.566  9.349 0.0000000000
16842  -43.562  -25.634  9.062 0.0000000000
16843  -45.142  -25.161  8.397 0.0000000000
16844  -44.021  -24.631  8.602 0.0000000000
16845  -44.491  -23.698  8.144 0.0000000000
16846  -42.748  -24.300  8.301 0.0000000000
20640  -50.511  -19.472  6.068 0.0000000000
20641  -51.571  -19.746  5.565 0.0000000000
20642  -51.948  -18.695  5.502 0.0000000000
23237  -35.522  -32.344  13.278 0.0000000000
23238  -36.314  -31.630  12.717 0.0000000000
23239  -34.902  -31.784  13.851 0.0000000000
23240  -34.166  -31.231  13.946 0.0000000000
23241  -33.382  -30.806  13.693 0.0000000000
23999  -44.497  -21.337  5.177 0.0000000000
25077  -44.620  -27.715  6.217 0.0000000000
25078  -39.199  -28.320  10.861 0.0000000000
25079  -40.793  -27.956  10.228 0.0000000000
25080  -39.782  -27.431  10.292 0.0000000000
25081  -40.290  -26.542  9.671 0.0000000000
25082  -40.699  -25.759  9.026 0.0000000000
27360  -50.924  -17.384  5.189 0.0000000000
27361  -52.291  -17.629  5.271 0.0000000000
29264  -39.990  -30.392  9.906 0.0000000000
29265  -39.400  -29.854  10.806 0.0000000000
29266  -37.149  -30.851  12.266 0.0000000000
29267  -37.938  -30.049  11.803 0.0000000000
29268  -38.625  -29.196  11.353 0.0000000000
29269  -37.649  -28.697  11.358 0.0000000000
29270  -36.708  -28.514  10.851 0.0000000000
31036  -47.829  -22.445  7.201 0.0000000000
31037  -49.554  -21.653  6.448 0.0000000000
31038  -48.302  -21.317  6.895 0.0000000000
31039  -48.726  -20.235  6.492 0.0000000000
31040  -48.999  -19.142  6.007 0.0000000000
31041  -45.943  -20.180  5.374 0.0000000000
31042  -47.529  -19.125  5.418 0.0000000000
31043  -49.201  -18.204  5.328 0.0000000000
31044  -49.531  -17.277  4.573 0.0000000000
33422  -48.537  -23.951  5.534 0.0000000000
33423  -48.130  -23.835  6.621 0.0000000000
33425  -43.460  -28.462  7.471 0.0000000000
33426  -44.298  -27.548  7.519 0.0000000000
33427  -42.375  -27.526  9.500 0.0000000000
33428  -43.854  -27.114  8.630 0.0000000000
33429  -45.185  -26.597  7.610 0.0000000000
33430  -46.008  -25.584  7.618 0.0000000000
33431  -46.707  -24.557  7.532 0.0000000000
33432  -47.318  -23.533  7.406 0.0000000000
33433  -46.176  -23.103  7.752 0.0000000000
33434  -44.848  -22.781  7.574 0.0000000000
33435  -43.612  -22.771  6.837 0.0000000000
38081  -51.009  -20.838  5.582 0.0000000000
43357  -49.288  -22.879  6.124 0.0000000000
43358  -49.924  -22.403  5.585 0.0000000000
43359  -49.694  -22.372  6.096 0.0000000000
44491  -37.199  -31.793  11.605 0.0000000000
44492  -34.463  -30.424  12.940 0.0000000000
44493  -35.215  -30.267  12.737 0.0000000000
44494  -34.799  -30.128  12.517 0.0000000000
44495  -35.062  -29.851  12.113 0.0000000000
44496  -34.313  -30.084  12.276 0.0000000000
45757  -44.720  -21.949  6.571 0.0000000000
45758  -45.462  -21.433  6.607 0.0000000000
45759  -44.855  -21.528  6.161 0.0000000000
47552  -45.576  -26.785  5.702 0.0000000000
47553  -46.105  -26.323  5.160 0.0000000000
47554  -46.027  -26.345  5.752 0.0000000000
47555  -46.512  -25.855  5.794 0.0000000000
47556  -45.970  -26.286  6.359 0.0000000000
47557  -40.482  -29.270  10.209 0.0000000000
47558  -41.229  -29.097  9.655 0.0000000000
47559  -40.890  -28.770  10.103 0.0000000000
47560  -42.175  -25.599  9.209 0.0000000000
47561  -42.736  -25.838  9.286 0.0000000000
47562  -42.995  -25.362  9.031 0.0000000000
47563  -43.828  -25.136  8.823 0.0000000000
47564  -43.205  -24.886  8.795 0.0000000000
47565  -43.384  -24.438  8.506 0.0000000000
47566  -42.546  -24.705  8.604 0.0000000000
51360  -50.635  -18.900  5.942 0.0000000000
51361  -51.260  -19.078  5.815 0.0000000000
51362  -51.386  -18.507  5.678 0.0000000000
54089  -34.905  -32.390  13.977 0.0000000000
54090  -35.283  -32.068  13.587 0.0000000000
54091  -34.596  -32.081  14.234 0.0000000000
54092  -33.253  -31.513  14.882 0.0000000000
54093  -33.897  -31.518  14.411 0.0000000000
54094  -33.499  -31.266  14.366 0.0000000000
54095  -33.778  -31.004  13.854 0.0000000000
54096  -33.091  -31.026  14.261 0.0000000000
57157  -38.697  -28.085  10.780 0.0000000000
57158  -39.507  -27.879  10.562 0.0000000000
57159  -38.969  -27.660  10.486 0.0000000000
57160  -38.919  -26.779  9.466 0.0000000000
57161  -39.483  -26.819  9.770 0.0000000000
57162  -39.690  -26.450  9.406 0.0000000000
57163  -40.502  -26.153  9.347 0.0000000000
57164  -39.881  -26.087  9.045 0.0000000000
64352  -38.847  -30.926  10.569 0.0000000000
64353  -39.549  -30.801  9.963 0.0000000000
64354  -39.318  -30.549  10.459 0.0000000000
64355  -39.693  -30.189  10.379 0.0000000000
64356  -39.008  -30.263  10.923 0.0000000000
64357  -36.039  -31.312  12.974 0.0000000000
64358  -36.733  -31.229  12.470 0.0000000000
64359  -36.416  -30.934  12.766 0.0000000000
64360  -36.769  -29.885  12.277 0.0000000000
64361  -37.200  -30.126  12.252 0.0000000000
64362  -37.555  -29.768  11.981 0.0000000000
64363  -38.320  -29.631  11.604 0.0000000000
64364  -37.846  -29.353  11.714 0.0000000000
64365  -38.129  -28.942  11.458 0.0000000000
64366  -37.379  -29.112  11.701 0.0000000000
64368  -36.394  -28.879  11.254 0.0000000000
68152  -47.198  -22.238  7.342 0.0000000000
68153  -48.063  -21.862  7.064 0.0000000000
68154  -47.417  -21.691  7.187 0.0000000000
68155  -47.096  -20.504  6.521 0.0000000000
68156  -47.802  -20.606  6.680 0.0000000000
68157  -47.950  -20.082  6.431 0.0000000000
68158  -48.877  -19.689  6.269 0.0000000000
68159  -48.087  -19.594  6.092 0.0000000000
68161  -45.236  -20.733  5.299 0.0000000000
68162  -45.418  -20.364  4.855 0.0000000000
68163  -47.055  -18.786  4.589 0.0000000000
68164  -46.868  -19.221  5.008 0.0000000000
68165  -47.661  -18.654  4.993 0.0000000000
68166  -48.342  -18.642  5.367 0.0000000000
68167  -48.514  -18.201  4.979 0.0000000000
68168  -49.400  -17.745  4.962 0.0000000000
68169  -48.691  -17.766  4.609 0.0000000000
73547  -47.477  -24.901  5.970 0.0000000000
73548  -48.054  -24.411  5.457 0.0000000000
73549  -47.918  -24.418  6.068 0.0000000000
73550  -48.414  -23.934  6.131 0.0000000000
73551  -47.716  -24.352  6.606 0.0000000000
73555  -42.608  -28.603  8.614 0.0000000000
73556  -42.918  -28.769  8.027 0.0000000000
73557  -43.249  -28.328  8.074 0.0000000000
73558  -43.863  -28.035  7.495 0.0000000000
73559  -43.681  -27.841  8.085 0.0000000000
73560  -41.108  -27.472  10.058 0.0000000000
73561  -41.585  -27.753  9.896 0.0000000000
73562  -41.931  -27.265  9.772 0.0000000000
73563  -43.809  -26.362  8.995 0.0000000000
73564  -43.483  -26.846  9.043 0.0000000000
73565  -44.235  -26.650  8.634 0.0000000000
73566  -44.536  -26.877  8.140 0.0000000000
73567  -44.915  -26.398  8.155 0.0000000000
73568  -45.591  -26.100  7.622 0.0000000000
73569  -45.310  -25.899  8.153 0.0000000000
73570  -45.422  -24.627  8.268 0.0000000000
73571  -45.936  -24.887  8.003 0.0000000000
73572  -46.254  -24.370  7.905 0.0000000000
73573  -47.030  -24.057  7.479 0.0000000000
73574  -46.523  -23.830  7.775 0.0000000000
73575  -46.794  -23.315  7.646 0.0000000000
73576  -45.953  -23.593  7.952 0.0000000000
73577  -43.857  -23.573  7.943 0.0000000000
73578  -44.666  -23.239  7.852 0.0000000000
73579  -44.031  -23.138  7.587 0.0000000000
73580  -44.263  -22.720  7.281 0.0000000000
73581  -43.412  -23.108  7.218 0.0000000000
84960  -49.834  -21.122  6.361 0.0000000000
84961  -50.328  -21.270  6.032 0.0000000000
84962  -50.675  -20.765  5.995 0.0000000000
92357  -33.742  -32.301  15.329 0.0000000000
92358  -33.960  -32.045  14.873 0.0000000000
92359  -33.361  -32.009  15.441 0.0000000000
94198  -37.664  -27.827  10.344 0.0000000000
94199  -38.446  -27.533  10.256 0.0000000000
94200  -37.933  -27.486  9.922 0.0000000000
98517  -38.140  -31.034  11.195 0.0000000000
98518  -35.248  -30.795  13.209 0.0000000000
98519  -36.077  -30.650  12.883 0.0000000000
98520  -35.635  -30.446  12.867 0.0000000000
98521  -36.005  -30.057  12.559 0.0000000000
98522  -36.313  -29.696  12.202 0.0000000000
98523  -36.630  -29.316  11.882 0.0000000000
98524  -35.873  -29.569  12.038 0.0000000000
98525  -35.387  -29.535  11.745 0.0000000000
100795  -45.902  -21.914  7.227 0.0000000000
100796  -46.752  -21.519  7.092 0.0000000000
100797  -46.101  -21.432  6.900 0.0000000000
100798  -46.246  -20.931  6.596 0.0000000000
100799  -46.419  -20.490  6.237 0.0000000000
100801  -45.623  -20.044  4.415 0.0000000000
100804  -47.282  -18.408  4.170 0.0000000000
100805  -48.073  -17.838  4.187 0.0000000000
100806  -47.511  -18.057  3.718 0.0000000000
104028  -46.168  -26.250  4.573 0.0000000000
104029  -46.662  -25.795  4.602 0.0000000000
104030  -47.136  -25.306  4.627 0.0000000000
104031  -47.627  -24.824  4.675 0.0000000000
104032  -47.075  -25.384  5.211 0.0000000000
104033  -46.996  -25.381  5.883 0.0000000000
104034  -46.875  -25.339  6.502 0.0000000000
104035  -41.081  -29.785  9.252 0.0000000000
104036  -41.763  -29.545  8.638 0.0000000000
104037  -41.520  -29.358  9.156 0.0000000000
104038  -41.906  -28.896  9.162 0.0000000000
104039  -42.295  -28.348  9.140 0.0000000000
104040  -41.656  -26.542  9.697 0.0000000000
104041  -42.219  -26.796  9.640 0.0000000000
104042  -42.478  -26.292  9.520 0.0000000000
104043  -43.296  -26.087  9.212 0.0000000000
104044  -44.088  -25.884  8.908 0.0000000000
104045  -44.840  -25.654  8.513 0.0000000000
104046  -44.364  -25.399  8.727 0.0000000000
104047  -44.642  -24.880  8.585 0.0000000000
104048  -44.852  -24.361  8.397 0.0000000000
104049  -45.101  -23.871  8.208 0.0000000000
104050  -44.237  -24.145  8.406 0.0000000000
104051  -43.608  -24.000  8.236 0.0000000000
104052  -42.989  -23.916  7.950 0.0000000000
110880  -50.398  -20.036  6.182 0.0000000000
110881  -50.909  -20.179  5.927 0.0000000000
110882  -51.123  -19.627  5.891 0.0000000000
110883  -51.763  -19.209  5.533 0.0000000000
115661  -36.163  -32.268  12.557 0.0000000000
115662  -36.562  -31.891  12.273 0.0000000000
115663  -35.926  -32.001  12.943 0.0000000000
115664  -35.621  -31.712  13.265 0.0000000000
115665  -35.284  -31.411  13.478 0.0000000000
115666  -34.235  -31.784  14.409 0.0000000000
115667  -34.539  -31.500  13.948 0.0000000000
115668  -34.871  -31.144  13.585 0.0000000000
115669  -34.478  -30.915  13.514 0.0000000000
115670  -34.089  -30.725  13.387 0.0000000000
115671  -33.686  -30.571  13.224 0.0000000000
117436  -43.503  -22.289  5.499 0.0000000000
117437  -44.280  -21.707  5.613 0.0000000000
117438  -43.732  -22.006  4.999 0.0000000000
117439  -44.009  -21.688  4.572 0.0000000000
119954  -45.129  -27.243  5.646 0.0000000000
119955  -45.046  -27.242  6.277 0.0000000000
119956  -39.708  -28.606  10.750 0.0000000000
119957  -40.479  -28.447  10.400 0.0000000000
119958  -40.009  -28.145  10.539 0.0000000000
119959  -40.342  -27.675  10.328 0.0000000000
119960  -40.585  -27.197  10.103 0.0000000000
119961  -39.242  -27.249  10.136 0.0000000000
119962  -40.060  -26.942  10.018 0.0000000000
119963  -40.855  -26.728  9.852 0.0000000000
119964  -41.105  -26.276  9.596 0.0000000000
119965  -41.314  -25.899  9.291 0.0000000000
119966  -41.525  -25.465  9.005 0.0000000000
119967  -41.730  -25.033  8.684 0.0000000000
125280  -50.820  -17.896  5.483 0.0000000000
125281  -51.604  -17.980  5.539 0.0000000000
125282  -51.649  -17.492  5.299 0.0000000000
129899  -40.186  -30.606  9.384 0.0000000000
129900  -40.661  -30.192  9.335 0.0000000000
129901  -40.399  -29.996  9.831 0.0000000000
129902  -40.088  -29.737  10.299 0.0000000000
129903  -39.732  -29.418  10.703 0.0000000000
129904  -36.987  -31.524  12.088 0.0000000000
129905  -37.447  -31.139  11.879 0.0000000000
129906  -37.876  -30.764  11.650 0.0000000000
129907  -36.810  -30.540  12.486 0.0000000000
129908  -37.552  -30.466  12.040 0.0000000000
129909  -38.278  -30.349  11.494 0.0000000000
129910  -38.677  -29.940  11.323 0.0000000000
129911  -39.037  -29.514  11.138 0.0000000000
129912  -39.386  -29.041  10.935 0.0000000000
129913  -38.909  -28.768  11.074 0.0000000000
129914  -38.400  -28.519  11.111 0.0000000000
129915  -37.914  -28.285  11.012 0.0000000000
129916  -36.916  -28.903  11.559 0.0000000000
129917  -37.176  -28.556  11.149 0.0000000000
129918  -37.438  -28.181  10.750 0.0000000000
129919  -36.953  -28.192  10.412 0.0000000000
134710  -48.438  -22.636  6.913 0.0000000000
134711  -49.237  -22.218  6.489 0.0000000000
134712  -48.680  -22.038  6.821 0.0000000000
134713  -48.957  -21.482  6.738 0.0000000000
134714  -49.220  -20.960  6.594 0.0000000000
134715  -47.623  -21.151  6.919 0.0000000000
134716  -48.503  -20.784  6.720 0.0000000000
134717  -49.450  -20.416  6.437 0.0000000000
134718  -49.749  -19.860  6.310 0.0000000000
134719  -49.786  -19.303  6.106 0.0000000000
134720  -49.870  -18.764  5.878 0.0000000000
134721  -45.037  -21.135  5.724 0.0000000000
134722  -45.789  -20.558  5.826 0.0000000000
134723  -46.544  -20.070  5.822 0.0000000000
134724  -46.117  -19.776  4.958 0.0000000000
134725  -46.674  -19.637  5.437 0.0000000000
134726  -47.359  -19.571  5.800 0.0000000000
134727  -48.263  -19.086  5.756 0.0000000000
134728  -49.098  -18.684  5.680 0.0000000000
134729  -49.964  -18.290  5.620 0.0000000000
134730  -50.092  -17.808  5.273 0.0000000000
134731  -50.248  -17.282  4.913 0.0000000000
134732  -50.357  -16.806  4.524 0.0000000000
134733  -48.879  -17.317  4.176 0.0000000000
134734  -49.649  -16.802  4.194 0.0000000000
134735  -50.439  -16.343  4.119 0.0000000000
141412  -48.131  -24.341  4.764 0.0000000000
141413  -48.619  -23.850  4.860 0.0000000000
141415  -49.030  -23.442  5.566 0.0000000000
141416  -48.855  -23.416  6.135 0.0000000000
141417  -48.556  -23.316  6.630 0.0000000000
141421  -42.424  -29.228  8.044 0.0000000000
141422  -43.040  -28.908  7.473 0.0000000000
141425  -44.463  -27.675  6.869 0.0000000000
141426  -44.904  -27.158  6.912 0.0000000000
141427  -41.202  -28.253  9.988 0.0000000000
141428  -41.973  -28.028  9.591 0.0000000000
141429  -42.746  -27.796  9.119 0.0000000000
141430  -42.744  -27.038  9.438 0.0000000000
141431  -43.149  -27.316  9.101 0.0000000000
141432  -43.458  -27.589  8.624 0.0000000000
141433  -44.139  -27.356  8.129 0.0000000000
141434  -44.744  -27.040  7.560 0.0000000000
141435  -45.366  -26.679  6.950 0.0000000000
141436  -45.813  -26.221  7.005 0.0000000000
141437  -46.267  -25.754  7.083 0.0000000000
141438  -46.686  -25.240  7.075 0.0000000000
141439  -45.619  -25.386  8.058 0.0000000000
141440  -46.411  -25.072  7.583 0.0000000000
141441  -47.072  -24.719  7.079 0.0000000000
141442  -47.443  -24.204  7.080 0.0000000000
141443  -47.760  -23.700  7.049 0.0000000000
141444  -48.128  -23.169  6.992 0.0000000000
141445  -47.599  -22.997  7.290 0.0000000000
141446  -47.000  -22.793  7.501 0.0000000000
141447  -46.370  -22.562  7.590 0.0000000000
141448  -45.333  -23.387  8.009 0.0000000000
141449  -45.511  -22.916  7.729 0.0000000000
141450  -45.718  -22.427  7.486 0.0000000000
141451  -45.083  -22.354  7.270 0.0000000000
141452  -44.470  -22.343  6.934 0.0000000000
141453  -43.852  -22.408  6.473 0.0000000000
141454  -41.942  -24.623  8.312 0.0000000000
141455  -42.177  -24.245  7.960 0.0000000000
141456  -42.353  -23.902  7.546 0.0000000000
141459  -42.533  -23.555  7.109 0.0000000000
141460  -42.760  -23.176  6.744 0.0000000000
141461  -43.000  -22.901  6.325 0.0000000000
141462  -43.253  -22.594  5.930 0.0000000000
155201  -50.015  -21.819  6.050 0.0000000000
155202  -50.717  -21.393  5.605 0.0000000000
155204  -51.286  -20.294  5.581 0.0000000000
155210  -52.159  -18.171  5.418 0.0000000000
155341  -32.312  -30.944  14.848 0.0000000000
155342  -32.560  -30.778  14.194 0.0000000000
155343  -32.845  -30.605  13.597 0.0000000000
155344  -33.096  -30.429  13.049 0.0000000000
155353  -33.429  -30.240  12.546 0.0000000000
155354  -33.718  -30.020  12.028 0.0000000000
