#!ascii label  , from subject fsaverage vox2ras=TkReg
499
354  55.794  -14.831  1.657 0.0000000000
594  63.053  -23.979  5.441 0.0000000000
1317  53.112  -31.212  9.505 0.0000000000
1318  54.858  -27.092  7.427 0.0000000000
1319  61.029  -28.158  6.524 0.0000000000
1790  57.288  -10.277  0.848 0.0000000000
2409  58.669  -19.708  3.800 0.0000000000
2417  56.647  -23.224  5.991 0.0000000000
3237  56.306  -31.466  9.585 0.0000000000
3238  57.211  -29.626  7.846 0.0000000000
3239  60.055  -30.080  8.187 0.0000000000
3939  53.196  -14.762  3.390 0.0000000000
3940  53.706  -12.569  2.632 0.0000000000
3941  56.456  -12.584  1.151 0.0000000000
5388  46.213  -33.160  10.603 0.0000000000
5395  58.955  -25.305  6.518 0.0000000000
5397  59.815  -23.431  6.161 0.0000000000
5398  60.784  -21.630  5.470 0.0000000000
5702  54.963  -8.806  -0.423 0.0000000000
5704  55.576  -6.646  -2.268 0.0000000000
6108  59.202  -15.135  1.986 0.0000000000
6978  49.169  -32.964  11.076 0.0000000000
6979  50.060  -31.051  9.328 0.0000000000
6980  50.789  -29.120  7.946 0.0000000000
6981  53.986  -29.317  8.195 0.0000000000
6982  58.145  -27.426  6.739 0.0000000000
6983  62.008  -25.841  5.767 0.0000000000
7167  58.325  -3.039  -2.855 0.0000000000
8013  54.206  -10.653  1.352 0.0000000000
8014  58.027  -7.898  0.032 0.0000000000
9781  57.594  -17.537  2.606 0.0000000000
9782  60.045  -17.834  3.412 0.0000000000
9783  62.515  -17.961  4.141 0.0000000000
9808  57.727  -21.582  4.788 0.0000000000
9809  61.649  -19.858  4.702 0.0000000000
10916  55.878  -32.266  10.567 0.0000000000
10917  57.816  -31.568  9.830 0.0000000000
10918  58.214  -30.748  8.851 0.0000000000
11619  54.285  -14.767  2.481 0.0000000000
11620  54.595  -13.678  2.245 0.0000000000
11621  56.098  -13.671  1.336 0.0000000000
13075  61.064  -24.540  6.004 0.0000000000
13076  59.407  -24.377  6.415 0.0000000000
13077  61.472  -23.702  5.912 0.0000000000
13078  61.852  -22.816  5.775 0.0000000000
13382  56.843  -7.207  -1.013 0.0000000000
13383  55.337  -7.821  -1.377 0.0000000000
13384  56.929  -6.013  -1.811 0.0000000000
15468  52.640  -32.081  10.355 0.0000000000
15470  51.113  -31.980  10.343 0.0000000000
15471  49.573  -32.017  10.158 0.0000000000
15472  51.548  -31.051  9.541 0.0000000000
15473  51.908  -30.155  8.782 0.0000000000
15474  53.555  -30.268  8.798 0.0000000000
15475  59.154  -28.875  7.131 0.0000000000
15476  57.668  -28.559  7.139 0.0000000000
15477  59.635  -27.713  6.495 0.0000000000
15478  60.069  -26.517  6.145 0.0000000000
15479  61.548  -26.980  6.046 0.0000000000
17577  55.318  -11.516  1.612 0.0000000000
17578  53.954  -11.616  2.054 0.0000000000
17579  55.668  -10.482  1.226 0.0000000000
17580  56.118  -9.388  0.543 0.0000000000
17581  57.672  -9.098  0.530 0.0000000000
21887  57.438  -19.670  3.336 0.0000000000
21888  58.072  -18.781  3.101 0.0000000000
21889  59.321  -18.814  3.523 0.0000000000
21890  61.318  -17.879  3.822 0.0000000000
21891  60.582  -18.773  3.925 0.0000000000
21948  56.146  -24.091  6.565 0.0000000000
21954  57.226  -22.419  5.385 0.0000000000
21955  62.783  -20.877  5.131 0.0000000000
21956  61.311  -20.716  5.078 0.0000000000
21957  63.126  -19.981  4.861 0.0000000000
22871  57.086  -3.483  -3.338 0.0000000000
24259  54.818  -31.325  9.441 0.0000000000
24260  55.227  -30.429  8.648 0.0000000000
24261  56.800  -30.601  8.677 0.0000000000
24262  58.695  -29.842  7.944 0.0000000000
24263  60.544  -29.177  7.254 0.0000000000
25523  53.411  -13.680  3.114 0.0000000000
25524  54.956  -12.572  1.975 0.0000000000
25525  56.781  -11.484  1.023 0.0000000000
28110  56.753  -20.587  3.669 0.0000000000
28143  56.888  -26.203  7.063 0.0000000000
28145  57.343  -25.169  6.904 0.0000000000
28146  57.750  -24.160  6.651 0.0000000000
28147  58.191  -23.227  6.238 0.0000000000
28148  58.751  -22.406  5.714 0.0000000000
28149  60.302  -22.497  5.749 0.0000000000
28150  62.371  -21.835  5.458 0.0000000000
28694  53.077  -10.214  0.335 0.0000000000
29610  57.605  -14.969  1.626 0.0000000000
29611  57.977  -13.792  1.174 0.0000000000
29612  59.685  -13.967  1.510 0.0000000000
31643  47.646  -33.069  10.808 0.0000000000
31644  48.048  -32.122  9.902 0.0000000000
31647  50.394  -30.108  8.576 0.0000000000
31648  52.338  -29.176  8.123 0.0000000000
31649  54.471  -28.185  7.682 0.0000000000
31650  55.608  -29.494  8.032 0.0000000000
31651  56.089  -28.399  7.460 0.0000000000
31652  56.508  -27.266  7.203 0.0000000000
31653  58.504  -26.259  6.546 0.0000000000
31654  60.528  -25.449  6.028 0.0000000000
31655  62.511  -24.851  5.602 0.0000000000
32079  58.391  -4.252  -2.015 0.0000000000
34362  52.395  -11.948  2.126 0.0000000000
34363  52.684  -11.055  1.248 0.0000000000
34364  54.551  -9.747  0.539 0.0000000000
34365  56.580  -8.311  -0.203 0.0000000000
34367  58.326  -12.585  0.816 0.0000000000
34368  58.655  -11.384  0.642 0.0000000000
34369  58.980  -10.092  0.622 0.0000000000
34372  59.249  -8.881  0.497 0.0000000000
39567  53.789  -15.832  2.880 0.0000000000
39578  58.336  -16.378  2.358 0.0000000000
39579  59.649  -16.589  2.848 0.0000000000
39581  58.869  -17.714  2.969 0.0000000000
39659  56.290  -21.511  4.179 0.0000000000
39660  58.169  -20.647  4.246 0.0000000000
39661  59.300  -21.554  5.232 0.0000000000
39662  59.814  -20.654  4.726 0.0000000000
39663  60.163  -19.735  4.281 0.0000000000
40756  57.079  -4.755  -2.600 0.0000000000
41638  58.753  -31.194  9.484 0.0000000000
42339  54.967  -14.779  1.977 0.0000000000
42340  55.097  -14.228  1.902 0.0000000000
42341  55.932  -14.259  1.505 0.0000000000
43795  62.068  -24.233  5.745 0.0000000000
43796  61.340  -24.128  5.953 0.0000000000
43797  62.325  -23.845  5.673 0.0000000000
43798  62.483  -23.429  5.702 0.0000000000
43799  63.226  -23.569  5.474 0.0000000000
44102  57.708  -6.309  -1.187 0.0000000000
44103  56.943  -6.604  -1.427 0.0000000000
44104  57.741  -5.698  -1.558 0.0000000000
46188  52.906  -31.634  9.901 0.0000000000
46189  51.860  -32.026  10.348 0.0000000000
46190  52.103  -31.582  9.930 0.0000000000
46191  51.313  -31.542  9.934 0.0000000000
46192  52.273  -31.146  9.559 0.0000000000
46193  52.474  -30.678  9.188 0.0000000000
46194  53.283  -30.742  9.145 0.0000000000
46195  60.112  -28.484  6.804 0.0000000000
46196  59.399  -28.314  6.783 0.0000000000
46197  60.344  -27.913  6.496 0.0000000000
46198  60.572  -27.323  6.241 0.0000000000
46199  61.278  -27.566  6.249 0.0000000000
46200  62.128  -27.199  6.077 0.0000000000
46201  61.842  -27.814  6.286 0.0000000000
48297  56.255  -10.976  1.142 0.0000000000
48298  55.506  -10.974  1.431 0.0000000000
48299  56.436  -10.396  1.030 0.0000000000
48300  56.610  -9.855  0.849 0.0000000000
48301  57.459  -9.701  0.717 0.0000000000
52607  58.066  -19.700  3.557 0.0000000000
52608  58.427  -19.246  3.396 0.0000000000
52609  59.013  -19.255  3.642 0.0000000000
52610  59.916  -18.802  3.733 0.0000000000
52611  59.623  -19.235  3.869 0.0000000000
52668  56.403  -23.639  6.276 0.0000000000
52673  56.168  -22.859  5.470 0.0000000000
52674  56.938  -22.834  5.677 0.0000000000
52676  62.970  -20.447  4.995 0.0000000000
52677  63.853  -20.151  4.786 0.0000000000
55788  56.095  -31.892  10.062 0.0000000000
55790  55.296  -31.847  9.962 0.0000000000
55791  54.488  -31.803  9.912 0.0000000000
55792  55.562  -31.396  9.502 0.0000000000
55793  55.829  -30.963  9.044 0.0000000000
55794  56.516  -31.036  9.116 0.0000000000
55795  59.127  -30.419  8.494 0.0000000000
55796  58.471  -30.327  8.372 0.0000000000
55797  59.381  -29.965  8.042 0.0000000000
55798  59.655  -29.467  7.570 0.0000000000
55799  60.266  -29.665  7.731 0.0000000000
57894  52.622  -14.797  3.773 0.0000000000
57895  52.696  -14.251  3.633 0.0000000000
57896  53.312  -14.187  3.245 0.0000000000
57897  55.468  -13.138  1.650 0.0000000000
57898  54.773  -13.135  2.142 0.0000000000
57899  55.641  -12.595  1.542 0.0000000000
57900  55.760  -12.064  1.451 0.0000000000
57901  56.604  -12.055  1.041 0.0000000000
62243  46.038  -33.620  11.083 0.0000000000
62245  45.343  -33.627  10.999 0.0000000000
62265  57.936  -25.733  6.812 0.0000000000
62266  57.140  -25.676  7.014 0.0000000000
62267  58.165  -25.234  6.753 0.0000000000
62268  59.597  -23.917  6.327 0.0000000000
62269  58.574  -24.279  6.582 0.0000000000
62270  58.765  -23.777  6.429 0.0000000000
62271  57.938  -23.679  6.455 0.0000000000
62272  58.983  -23.308  6.218 0.0000000000
62273  59.197  -22.857  5.977 0.0000000000
62274  60.053  -22.969  5.948 0.0000000000
62275  62.838  -22.522  5.604 0.0000000000
62276  62.062  -22.310  5.636 0.0000000000
62277  63.121  -22.078  5.467 0.0000000000
62278  63.323  -21.557  5.297 0.0000000000
63182  53.969  -9.537  0.002 0.0000000000
63184  54.210  -9.044  -0.496 0.0000000000
63185  55.446  -7.271  -1.787 0.0000000000
63186  54.633  -8.128  -1.480 0.0000000000
65094  58.460  -15.043  1.778 0.0000000000
65095  58.659  -14.467  1.539 0.0000000000
65096  59.452  -14.522  1.759 0.0000000000
69450  48.208  -33.476  11.441 0.0000000000
69452  48.428  -32.996  10.930 0.0000000000
69453  49.848  -31.525  9.736 0.0000000000
69454  48.807  -32.062  10.021 0.0000000000
69455  49.036  -31.581  9.586 0.0000000000
69456  48.249  -31.640  9.486 0.0000000000
69457  49.217  -31.105  9.200 0.0000000000
69458  49.414  -30.640  8.814 0.0000000000
69459  50.251  -30.561  8.926 0.0000000000
69460  52.906  -29.731  8.481 0.0000000000
69461  52.056  -29.679  8.463 0.0000000000
69462  53.155  -29.245  8.204 0.0000000000
69463  53.432  -28.657  7.919 0.0000000000
69464  54.224  -28.783  7.933 0.0000000000
69465  56.260  -30.021  8.217 0.0000000000
69466  55.411  -29.948  8.299 0.0000000000
69467  56.457  -29.526  7.875 0.0000000000
69468  57.874  -28.008  6.936 0.0000000000
69469  56.846  -28.454  7.290 0.0000000000
69470  57.111  -27.898  7.109 0.0000000000
69471  56.307  -27.804  7.316 0.0000000000
69472  57.334  -27.349  6.969 0.0000000000
69473  57.521  -26.795  6.874 0.0000000000
69474  58.342  -26.852  6.613 0.0000000000
69475  61.027  -26.186  5.949 0.0000000000
69476  60.303  -25.978  6.070 0.0000000000
69477  61.301  -25.639  5.852 0.0000000000
69478  61.540  -25.119  5.799 0.0000000000
69479  62.326  -25.304  5.675 0.0000000000
69481  62.918  -25.494  5.629 0.0000000000
75767  52.922  -13.141  3.100 0.0000000000
75769  52.992  -12.637  2.779 0.0000000000
75770  54.055  -11.137  1.707 0.0000000000
75771  53.190  -11.700  2.127 0.0000000000
75772  53.297  -11.277  1.753 0.0000000000
75773  52.536  -11.491  1.692 0.0000000000
75774  53.442  -10.805  1.357 0.0000000000
75775  53.570  -10.407  0.970 0.0000000000
75776  54.331  -10.178  0.972 0.0000000000
75777  57.087  -8.667  0.242 0.0000000000
75778  56.348  -8.855  0.191 0.0000000000
75779  57.321  -8.086  -0.100 0.0000000000
75780  57.483  -7.470  -0.418 0.0000000000
75781  58.135  -7.323  -0.259 0.0000000000
75782  59.116  -13.242  1.095 0.0000000000
75783  58.173  -13.199  0.995 0.0000000000
75784  59.257  -12.651  0.905 0.0000000000
75788  58.800  -10.754  0.628 0.0000000000
88670  53.277  -15.778  3.362 0.0000000000
88699  57.959  -16.964  2.504 0.0000000000
88700  59.011  -16.493  2.592 0.0000000000
88701  58.646  -17.085  2.670 0.0000000000
88705  59.061  -18.320  3.240 0.0000000000
88706  58.474  -18.245  3.034 0.0000000000
88707  59.450  -17.795  3.189 0.0000000000
88708  59.844  -17.255  3.155 0.0000000000
88712  61.931  -17.892  3.994 0.0000000000
88900  56.754  -22.011  4.773 0.0000000000
88902  57.003  -21.548  4.469 0.0000000000
88903  57.221  -21.086  4.208 0.0000000000
88904  57.972  -21.109  4.501 0.0000000000
88905  59.822  -21.994  5.538 0.0000000000
88906  59.085  -21.986  5.435 0.0000000000
88907  60.093  -21.585  5.334 0.0000000000
88908  61.498  -20.300  4.907 0.0000000000
88909  60.544  -20.696  4.946 0.0000000000
88910  60.743  -20.248  4.704 0.0000000000
88911  59.966  -20.199  4.481 0.0000000000
88912  60.943  -19.769  4.513 0.0000000000
88913  61.128  -19.300  4.323 0.0000000000
88914  61.852  -19.378  4.513 0.0000000000
91645  58.355  -3.691  -2.436 0.0000000000
91646  57.728  -4.490  -2.303 0.0000000000
91647  57.741  -3.860  -2.718 0.0000000000
91648  56.477  -3.734  -3.603 0.0000000000
91649  56.459  -4.403  -3.258 0.0000000000
93378  56.856  -31.916  10.165 0.0000000000
93379  57.102  -31.521  9.684 0.0000000000
93380  57.285  -31.107  9.215 0.0000000000
93381  58.012  -31.160  9.336 0.0000000000
93382  58.927  -30.801  8.980 0.0000000000
94641  53.731  -14.756  2.956 0.0000000000
94642  53.869  -14.187  2.841 0.0000000000
94643  54.424  -14.206  2.381 0.0000000000
94644  55.261  -13.670  1.723 0.0000000000
94645  56.268  -13.110  1.208 0.0000000000
97250  46.414  -32.673  10.138 0.0000000000
97263  60.033  -24.882  6.226 0.0000000000
97264  59.200  -24.833  6.495 0.0000000000
97265  60.273  -24.456  6.206 0.0000000000
97266  60.420  -24.015  6.160 0.0000000000
97267  60.614  -23.566  6.075 0.0000000000
97268  60.831  -23.140  5.956 0.0000000000
97269  61.680  -23.303  5.879 0.0000000000
97270  62.652  -23.010  5.678 0.0000000000
97814  55.923  -8.033  -0.761 0.0000000000
97815  55.153  -8.297  -0.880 0.0000000000
97816  56.086  -7.497  -1.225 0.0000000000
97817  56.150  -6.930  -1.628 0.0000000000
97818  56.228  -6.368  -2.019 0.0000000000
98961  59.832  -15.261  2.290 0.0000000000
98962  60.151  -14.596  2.037 0.0000000000
101574  50.132  -32.441  10.692 0.0000000000
101575  49.363  -32.488  10.582 0.0000000000
101576  50.331  -31.996  10.276 0.0000000000
101577  50.561  -31.517  9.868 0.0000000000
101578  50.850  -31.024  9.453 0.0000000000
101579  51.019  -30.584  9.063 0.0000000000
101580  51.731  -30.616  9.152 0.0000000000
101581  52.711  -30.206  8.815 0.0000000000
101582  53.833  -29.782  8.444 0.0000000000
101583  58.169  -29.231  7.476 0.0000000000
101584  57.443  -29.107  7.477 0.0000000000
101585  58.407  -28.716  7.114 0.0000000000
101586  58.644  -28.144  6.821 0.0000000000
101587  58.894  -27.560  6.566 0.0000000000
101588  59.132  -26.973  6.402 0.0000000000
101589  59.868  -27.134  6.280 0.0000000000
101590  60.795  -26.755  6.055 0.0000000000
101591  61.768  -26.390  5.892 0.0000000000
101592  62.634  -26.012  5.742 0.0000000000
105365  54.497  -12.024  2.122 0.0000000000
105366  53.817  -12.067  2.341 0.0000000000
105367  54.656  -11.507  1.892 0.0000000000
105368  54.788  -11.072  1.638 0.0000000000
105369  54.941  -10.567  1.319 0.0000000000
105370  55.147  -10.052  0.956 0.0000000000
105371  55.848  -9.962  0.951 0.0000000000
105372  56.863  -9.280  0.581 0.0000000000
105373  57.838  -8.505  0.334 0.0000000000
105375  60.185  -12.104  0.899 0.0000000000
113127  57.752  -19.220  3.216 0.0000000000
113128  58.727  -18.806  3.302 0.0000000000
113129  59.678  -18.344  3.461 0.0000000000
113130  60.686  -17.862  3.624 0.0000000000
113131  60.281  -18.359  3.664 0.0000000000
113132  60.950  -18.325  3.865 0.0000000000
113133  61.562  -18.360  4.053 0.0000000000
113229  51.784  -28.605  7.778 0.0000000000
113230  50.995  -28.642  7.723 0.0000000000
113234  55.933  -24.548  6.782 0.0000000000
113245  56.497  -22.441  5.125 0.0000000000
113246  57.513  -22.005  5.057 0.0000000000
113247  61.830  -21.210  5.284 0.0000000000
113248  61.084  -21.158  5.239 0.0000000000
113249  62.057  -20.754  5.111 0.0000000000
113250  62.253  -20.352  4.991 0.0000000000
113251  62.406  -19.910  4.842 0.0000000000
113252  62.567  -19.468  4.641 0.0000000000
114893  57.768  -3.164  -3.116 0.0000000000
118043  53.414  -32.173  10.365 0.0000000000
118044  53.698  -31.709  9.898 0.0000000000
118045  53.981  -31.264  9.440 0.0000000000
118046  54.154  -30.815  9.078 0.0000000000
118047  55.019  -30.899  9.044 0.0000000000
118048  56.047  -30.514  8.633 0.0000000000
118049  57.028  -30.152  8.267 0.0000000000
118050  57.504  -30.683  8.757 0.0000000000
118051  57.791  -30.253  8.330 0.0000000000
118052  57.952  -29.727  7.884 0.0000000000
118053  58.910  -29.356  7.521 0.0000000000
118054  59.880  -28.993  7.160 0.0000000000
118055  60.795  -28.699  6.844 0.0000000000
118056  61.602  -28.372  6.581 0.0000000000
118057  61.339  -28.925  6.951 0.0000000000
120990  52.800  -13.708  3.376 0.0000000000
120991  53.560  -13.123  2.889 0.0000000000
120992  54.006  -13.665  2.731 0.0000000000
120993  54.163  -13.126  2.568 0.0000000000
120994  54.387  -12.547  2.351 0.0000000000
120995  55.121  -12.076  1.796 0.0000000000
120996  56.001  -11.535  1.306 0.0000000000
120997  57.032  -10.929  0.916 0.0000000000
127031  57.096  -20.136  3.504 0.0000000000
127032  57.665  -20.171  3.742 0.0000000000
127107  55.876  -26.631  7.287 0.0000000000
127108  55.063  -26.577  7.329 0.0000000000
127109  56.119  -26.114  7.185 0.0000000000
127110  56.302  -25.599  7.095 0.0000000000
127111  56.523  -25.101  6.959 0.0000000000
127112  58.393  -24.732  6.669 0.0000000000
127113  57.586  -24.684  6.780 0.0000000000
127114  56.770  -24.615  6.793 0.0000000000
127115  56.912  -24.090  6.621 0.0000000000
127116  57.159  -23.645  6.407 0.0000000000
127117  57.387  -23.210  6.157 0.0000000000
127118  57.675  -22.827  5.867 0.0000000000
127119  58.380  -22.833  5.978 0.0000000000
127120  59.470  -22.411  5.757 0.0000000000
127121  60.547  -22.043  5.582 0.0000000000
127122  61.054  -22.639  5.786 0.0000000000
127123  61.341  -22.145  5.591 0.0000000000
127124  61.618  -21.654  5.435 0.0000000000
127125  62.598  -21.334  5.290 0.0000000000
128395  54.403  -8.621  -0.991 0.0000000000
130836  56.693  -14.901  1.564 0.0000000000
130837  56.847  -14.318  1.325 0.0000000000
130838  57.770  -14.398  1.387 0.0000000000
130839  58.893  -13.862  1.300 0.0000000000
130841  60.406  -13.995  1.788 0.0000000000
136357  46.897  -33.139  10.706 0.0000000000
136358  48.576  -32.537  10.468 0.0000000000
136359  47.814  -32.597  10.357 0.0000000000
136360  47.093  -32.672  10.252 0.0000000000
136361  47.310  -32.166  9.812 0.0000000000
136366  49.612  -30.153  8.483 0.0000000000
136367  50.580  -29.627  8.268 0.0000000000
136368  51.151  -30.112  8.687 0.0000000000
136369  51.327  -29.628  8.334 0.0000000000
136370  51.547  -29.134  8.020 0.0000000000
136371  52.561  -28.638  7.852 0.0000000000
136373  54.661  -27.630  7.540 0.0000000000
136374  54.328  -30.344  8.727 0.0000000000
136375  54.618  -29.869  8.395 0.0000000000
136376  54.848  -29.354  8.104 0.0000000000
136377  56.643  -29.019  7.577 0.0000000000
136378  55.844  -28.935  7.710 0.0000000000
136379  55.065  -28.852  7.829 0.0000000000
136380  55.289  -28.303  7.611 0.0000000000
136381  55.498  -27.718  7.463 0.0000000000
136382  55.684  -27.168  7.360 0.0000000000
136383  56.678  -26.734  7.150 0.0000000000
136384  57.683  -26.245  6.837 0.0000000000
136385  58.695  -25.793  6.535 0.0000000000
136386  59.290  -26.361  6.294 0.0000000000
136387  59.512  -25.835  6.270 0.0000000000
136388  59.729  -25.371  6.258 0.0000000000
136389  60.763  -24.968  6.000 0.0000000000
136390  61.769  -24.660  5.807 0.0000000000
136391  62.747  -24.405  5.543 0.0000000000
137535  58.449  -4.837  -1.655 0.0000000000
144128  53.081  -12.169  2.449 0.0000000000
144129  52.324  -12.330  2.475 0.0000000000
144130  51.627  -12.572  2.406 0.0000000000
144134  52.864  -10.638  0.801 0.0000000000
144135  53.779  -9.969  0.467 0.0000000000
144136  54.757  -9.290  0.065 0.0000000000
144137  55.342  -9.559  0.561 0.0000000000
144138  55.572  -9.059  0.131 0.0000000000
144139  55.789  -8.545  -0.316 0.0000000000
144140  56.711  -7.759  -0.591 0.0000000000
144141  57.572  -6.927  -0.800 0.0000000000
144143  57.035  -13.713  1.155 0.0000000000
144144  57.218  -13.129  1.000 0.0000000000
144145  57.377  -12.562  0.891 0.0000000000
144146  59.380  -12.016  0.736 0.0000000000
144147  58.501  -11.990  0.690 0.0000000000
144148  57.550  -12.016  0.793 0.0000000000
144149  57.709  -11.417  0.752 0.0000000000
144150  57.911  -10.821  0.739 0.0000000000
144151  58.119  -10.188  0.703 0.0000000000
144159  59.087  -9.510  0.587 0.0000000000
144160  58.326  -9.554  0.632 0.0000000000
144161  58.529  -8.922  0.482 0.0000000000
144163  58.753  -7.719  0.149 0.0000000000
144166  58.876  -7.147  -0.098 0.0000000000
159655  53.491  -15.298  3.155 0.0000000000
159656  54.033  -15.304  2.670 0.0000000000
159657  54.692  -15.321  2.201 0.0000000000
159684  55.501  -15.378  1.864 0.0000000000
159685  56.400  -15.425  1.770 0.0000000000
159686  57.265  -15.507  1.832 0.0000000000
159687  57.998  -15.662  1.985 0.0000000000
159690  58.713  -15.786  2.187 0.0000000000
159691  59.400  -15.886  2.441 0.0000000000
159692  60.040  -15.986  2.745 0.0000000000
159693  60.679  -16.045  3.002 0.0000000000
159699  58.249  -17.655  2.764 0.0000000000
159700  59.243  -17.214  2.918 0.0000000000
159701  60.255  -16.664  3.101 0.0000000000
159934  56.520  -21.040  3.908 0.0000000000
159935  57.459  -20.612  3.957 0.0000000000
159936  58.423  -20.159  3.996 0.0000000000
159937  58.025  -22.413  5.563 0.0000000000
159938  58.288  -21.991  5.279 0.0000000000
159939  58.522  -21.570  4.969 0.0000000000
159940  60.329  -21.132  5.140 0.0000000000
159941  59.558  -21.115  4.965 0.0000000000
159942  58.777  -21.109  4.743 0.0000000000
159943  58.978  -20.648  4.506 0.0000000000
159944  59.166  -20.172  4.274 0.0000000000
159945  59.402  -19.692  4.058 0.0000000000
159946  60.378  -19.253  4.095 0.0000000000
159947  61.310  -18.839  4.182 0.0000000000
159948  62.284  -18.425  4.238 0.0000000000
163222  57.702  -5.090  -1.928 0.0000000000
163223  57.037  -5.386  -2.193 0.0000000000
163224  56.368  -5.698  -2.457 0.0000000000
163225  57.122  -4.075  -3.016 0.0000000000
163226  56.425  -5.048  -2.858 0.0000000000
163227  55.692  -6.018  -2.643 0.0000000000
