#!ascii label  , from subject fsaverage vox2ras=TkReg
736
124  -59.459  -8.716  -2.792 0.0000000000
129  -62.153  -34.700  4.975 0.0000000000
332  -55.416  3.879  -11.269 0.0000000000
532  -57.988  -16.019  -4.194 0.0000000000
549  -58.573  -29.969  -0.131 0.0000000000
1236  -60.790  -32.199  1.864 0.0000000000
1350  -58.889  -13.034  -4.322 0.0000000000
1747  -55.664  -6.832  -7.546 0.0000000000
1748  -57.891  -2.403  -7.382 0.0000000000
2235  -59.996  -22.514  -2.234 0.0000000000
2237  -61.921  -18.220  -1.510 0.0000000000
2238  -62.411  -14.735  -0.241 0.0000000000
2287  -64.962  -28.412  2.079 0.0000000000
2288  -63.077  -25.455  -1.062 0.0000000000
3154  -58.758  -34.668  3.405 0.0000000000
3156  -61.452  -33.399  3.271 0.0000000000
3270  -58.742  -11.246  -3.462 0.0000000000
3272  -56.567  -10.439  -5.330 0.0000000000
3873  -56.201  2.512  -8.807 0.0000000000
3874  -56.987  0.969  -9.129 0.0000000000
3875  -55.913  1.849  -11.650 0.0000000000
4949  -62.999  -21.512  -1.250 0.0000000000
4950  -61.034  -20.328  -1.797 0.0000000000
4951  -63.302  -19.381  -0.886 0.0000000000
5078  -65.120  -29.724  3.526 0.0000000000
5081  -65.214  -24.576  0.801 0.0000000000
5082  -64.061  -22.967  -0.601 0.0000000000
5083  -61.302  -23.897  -2.080 0.0000000000
6834  -59.821  -31.185  0.925 0.0000000000
7038  -58.872  -14.408  -4.687 0.0000000000
7915  -57.892  -7.711  -4.941 0.0000000000
7916  -58.889  -5.426  -4.642 0.0000000000
7917  -57.040  -4.557  -7.528 0.0000000000
7919  -57.694  -0.406  -6.967 0.0000000000
7920  -56.598  -1.532  -10.038 0.0000000000
9269  -57.735  -21.290  -2.655 0.0000000000
9270  -58.896  -19.108  -2.345 0.0000000000
9271  -60.083  -17.224  -2.275 0.0000000000
9273  -62.444  -16.424  -0.935 0.0000000000
9274  -60.871  -15.056  -2.469 0.0000000000
9275  -61.046  -13.580  -2.540 0.0000000000
9420  -63.967  -32.875  4.559 0.0000000000
9421  -63.652  -31.727  3.018 0.0000000000
9422  -63.204  -30.601  1.704 0.0000000000
9423  -62.353  -29.197  0.569 0.0000000000
9425  -64.397  -26.981  0.519 0.0000000000
9426  -61.129  -27.643  -0.580 0.0000000000
9427  -59.433  -26.319  -1.818 0.0000000000
10833  -59.172  -35.281  4.390 0.0000000000
10834  -60.480  -34.563  4.208 0.0000000000
10835  -60.081  -34.038  3.315 0.0000000000
10836  -61.782  -33.967  4.163 0.0000000000
10950  -59.075  -10.041  -3.107 0.0000000000
10951  -57.642  -10.899  -4.290 0.0000000000
10952  -58.162  -9.559  -4.021 0.0000000000
11553  -55.907  3.276  -9.971 0.0000000000
11554  -56.356  2.474  -10.033 0.0000000000
11555  -55.810  2.877  -11.353 0.0000000000
11556  -55.088  2.109  -13.081 0.0000000000
11557  -55.098  3.194  -12.810 0.0000000000
12629  -63.935  -20.979  -0.527 0.0000000000
12630  -63.171  -20.461  -1.100 0.0000000000
12763  -63.488  -22.234  -1.002 0.0000000000
15227  -59.409  -32.955  1.827 0.0000000000
15229  -59.040  -32.314  1.414 0.0000000000
15230  -58.443  -31.886  0.908 0.0000000000
15231  -60.453  -31.616  1.441 0.0000000000
15570  -58.999  -13.710  -4.708 0.0000000000
17373  -58.432  -2.940  -5.953 0.0000000000
17374  -58.466  -3.925  -5.973 0.0000000000
17375  -57.581  -3.512  -7.502 0.0000000000
17376  -56.218  -4.258  -9.062 0.0000000000
17377  -56.788  -3.157  -8.995 0.0000000000
17379  -57.422  -0.673  -5.742 0.0000000000
17380  -57.255  0.219  -6.798 0.0000000000
17382  -56.943  -0.125  -9.492 0.0000000000
20609  -58.275  -22.963  -2.579 0.0000000000
20611  -58.821  -21.912  -2.344 0.0000000000
20612  -61.487  -19.213  -1.661 0.0000000000
20613  -59.943  -19.731  -2.035 0.0000000000
20614  -60.540  -18.688  -1.925 0.0000000000
20615  -59.482  -18.180  -2.244 0.0000000000
20616  -61.089  -17.772  -1.788 0.0000000000
20621  -62.938  -16.281  0.011 0.0000000000
20622  -62.547  -15.538  -0.546 0.0000000000
20623  -61.663  -15.749  -1.545 0.0000000000
20624  -61.883  -14.870  -1.348 0.0000000000
20625  -61.075  -14.315  -2.490 0.0000000000
20626  -61.813  -14.058  -1.302 0.0000000000
20993  -63.814  -32.263  3.770 0.0000000000
20994  -64.649  -31.356  3.917 0.0000000000
20995  -65.016  -29.048  2.797 0.0000000000
20996  -64.387  -30.199  2.412 0.0000000000
20997  -64.164  -29.625  1.705 0.0000000000
20998  -62.817  -29.925  1.130 0.0000000000
20999  -63.930  -28.925  1.173 0.0000000000
21003  -64.351  -24.956  -0.245 0.0000000000
21004  -64.968  -25.791  0.538 0.0000000000
21005  -63.792  -26.239  -0.293 0.0000000000
21006  -62.975  -27.286  -0.175 0.0000000000
21007  -62.155  -26.558  -0.853 0.0000000000
21008  -60.309  -26.963  -1.179 0.0000000000
21009  -61.315  -25.867  -1.560 0.0000000000
21010  -60.577  -23.142  -2.258 0.0000000000
21011  -59.550  -24.415  -2.373 0.0000000000
21012  -58.835  -23.668  -2.531 0.0000000000
22253  -56.778  -7.201  -6.151 0.0000000000
22254  -55.972  -8.596  -6.231 0.0000000000
24112  -58.378  -34.185  2.576 0.0000000000
24113  -59.787  -33.575  2.485 0.0000000000
24114  -61.046  -32.851  2.469 0.0000000000
24318  -58.785  -12.224  -3.859 0.0000000000
24319  -57.669  -12.942  -5.297 0.0000000000
24320  -57.544  -12.026  -4.745 0.0000000000
24321  -56.411  -11.710  -5.695 0.0000000000
25402  -58.235  -1.991  -5.893 0.0000000000
25403  -56.354  1.571  -7.752 0.0000000000
25404  -57.038  1.060  -7.786 0.0000000000
25405  -56.740  1.826  -8.851 0.0000000000
25406  -56.523  1.503  -10.377 0.0000000000
27341  -61.587  -22.026  -1.809 0.0000000000
27342  -60.488  -21.462  -1.987 0.0000000000
27343  -62.012  -20.964  -1.591 0.0000000000
27344  -62.352  -19.844  -1.452 0.0000000000
27345  -62.701  -18.704  -1.238 0.0000000000
27579  -64.641  -23.731  -0.027 0.0000000000
27580  -63.581  -24.153  -1.010 0.0000000000
27581  -62.090  -24.690  -1.664 0.0000000000
27582  -62.836  -23.426  -1.481 0.0000000000
27583  -62.168  -22.703  -1.721 0.0000000000
31307  -57.777  -31.553  0.357 0.0000000000
31308  -59.278  -30.646  0.339 0.0000000000
31782  -58.514  -15.087  -4.491 0.0000000000
34099  -58.772  -8.191  -3.801 0.0000000000
34100  -59.248  -7.005  -3.631 0.0000000000
34101  -58.542  -6.486  -4.853 0.0000000000
34102  -57.510  -6.053  -6.143 0.0000000000
34103  -59.027  -4.446  -4.570 0.0000000000
34104  -58.121  -4.964  -5.930 0.0000000000
34105  -56.364  -5.626  -7.544 0.0000000000
34110  -57.883  -1.159  -5.785 0.0000000000
34111  -57.889  -1.337  -7.262 0.0000000000
34112  -57.351  0.334  -7.980 0.0000000000
34113  -57.427  -0.682  -8.417 0.0000000000
34114  -57.279  -1.881  -8.709 0.0000000000
38048  -59.385  -20.849  -2.140 0.0000000000
38049  -58.297  -20.184  -2.507 0.0000000000
38050  -57.224  -19.505  -2.959 0.0000000000
38052  -58.442  -17.608  -2.864 0.0000000000
38053  -58.985  -16.521  -3.116 0.0000000000
38055  -63.426  -18.468  -0.617 0.0000000000
38056  -62.886  -17.842  -0.933 0.0000000000
38058  -63.032  -17.122  -0.520 0.0000000000
38059  -62.306  -17.355  -1.234 0.0000000000
38060  -61.434  -16.826  -1.645 0.0000000000
38061  -60.488  -16.085  -2.375 0.0000000000
38062  -59.562  -15.498  -3.374 0.0000000000
38063  -59.978  -14.688  -3.600 0.0000000000
38064  -60.173  -14.034  -3.665 0.0000000000
38065  -60.139  -13.358  -3.543 0.0000000000
38067  -60.959  -13.022  -2.267 0.0000000000
38068  -59.992  -12.657  -3.236 0.0000000000
38069  -59.821  -11.877  -2.811 0.0000000000
38070  -59.748  -10.897  -2.355 0.0000000000
38502  -63.120  -33.777  4.583 0.0000000000
38503  -62.802  -33.139  3.826 0.0000000000
38504  -62.530  -32.585  3.058 0.0000000000
38505  -62.271  -32.014  2.384 0.0000000000
38506  -64.486  -30.783  3.131 0.0000000000
38507  -63.449  -31.173  2.283 0.0000000000
38508  -62.056  -31.443  1.837 0.0000000000
38509  -61.563  -30.842  1.269 0.0000000000
38510  -61.059  -30.209  0.693 0.0000000000
38511  -60.511  -29.549  0.238 0.0000000000
38514  -65.451  -27.245  2.267 0.0000000000
38516  -65.322  -26.550  1.469 0.0000000000
38517  -64.741  -27.767  1.342 0.0000000000
38518  -63.517  -28.113  0.539 0.0000000000
38519  -61.830  -28.416  0.023 0.0000000000
38520  -59.852  -28.803  -0.321 0.0000000000
38521  -59.136  -28.073  -0.871 0.0000000000
38524  -60.507  -25.179  -2.058 0.0000000000
38525  -58.625  -25.584  -2.274 0.0000000000
40018  -57.079  -9.061  -5.059 0.0000000000
40080  -54.610  4.742  -11.050 0.0000000000
41553  -60.728  -34.978  4.715 0.0000000000
41554  -61.309  -34.646  4.633 0.0000000000
41555  -61.133  -34.274  4.186 0.0000000000
41556  -61.963  -34.312  4.580 0.0000000000
41670  -59.279  -9.372  -2.931 0.0000000000
41671  -58.629  -9.814  -3.543 0.0000000000
41672  -58.890  -9.146  -3.413 0.0000000000
42273  -55.661  3.639  -10.618 0.0000000000
42274  -55.926  3.144  -10.676 0.0000000000
42275  -55.640  3.396  -11.335 0.0000000000
42276  -55.489  3.040  -12.020 0.0000000000
42277  -55.313  3.589  -12.045 0.0000000000
43483  -64.124  -21.349  -0.314 0.0000000000
43890  -57.658  -16.467  -4.050 0.0000000000
45947  -60.157  -32.570  1.843 0.0000000000
45948  -59.249  -32.605  1.626 0.0000000000
45949  -59.971  -32.246  1.649 0.0000000000
45950  -59.760  -31.944  1.433 0.0000000000
45951  -60.630  -31.885  1.648 0.0000000000
46290  -58.991  -13.408  -4.450 0.0000000000
46292  -58.337  -13.380  -5.013 0.0000000000
48093  -58.196  -2.659  -6.695 0.0000000000
48094  -58.161  -3.158  -6.681 0.0000000000
48095  -57.741  -2.991  -7.462 0.0000000000
48096  -57.138  -3.367  -8.281 0.0000000000
48097  -57.386  -2.769  -8.186 0.0000000000
51329  -59.154  -22.749  -2.404 0.0000000000
51330  -58.553  -22.456  -2.460 0.0000000000
51331  -59.395  -22.277  -2.279 0.0000000000
51332  -61.719  -18.669  -1.599 0.0000000000
51333  -60.972  -18.917  -1.794 0.0000000000
51334  -61.296  -18.426  -1.728 0.0000000000
51335  -60.838  -18.205  -1.857 0.0000000000
51336  -61.520  -18.007  -1.646 0.0000000000
51342  -62.509  -15.103  -0.383 0.0000000000
51343  -62.220  -15.204  -0.905 0.0000000000
51344  -62.222  -14.782  -0.797 0.0000000000
51345  -61.869  -14.440  -1.308 0.0000000000
51346  -62.156  -14.362  -0.701 0.0000000000
51715  -64.977  -28.708  2.443 0.0000000000
51716  -64.640  -29.354  2.228 0.0000000000
51717  -64.583  -29.008  1.906 0.0000000000
51718  -64.023  -29.295  1.460 0.0000000000
51719  -64.513  -28.666  1.604 0.0000000000
51723  -63.762  -25.205  -0.689 0.0000000000
51724  -64.140  -25.614  -0.293 0.0000000000
51725  -63.446  -25.855  -0.681 0.0000000000
51726  -63.053  -26.414  -0.626 0.0000000000
51727  -62.636  -26.011  -1.017 0.0000000000
51728  -61.742  -26.186  -1.232 0.0000000000
51729  -62.237  -25.642  -1.354 0.0000000000
51730  -60.272  -22.816  -2.235 0.0000000000
51731  -59.716  -23.413  -2.397 0.0000000000
51732  -59.410  -23.074  -2.393 0.0000000000
51733  -58.528  -23.318  -2.573 0.0000000000
52973  -56.198  -7.015  -6.821 0.0000000000
55540  -58.978  -34.944  3.892 0.0000000000
55546  -58.575  -34.443  2.992 0.0000000000
55547  -60.776  -33.719  3.294 0.0000000000
55548  -59.914  -33.802  2.884 0.0000000000
55549  -60.630  -33.463  2.864 0.0000000000
55550  -60.461  -33.243  2.459 0.0000000000
55551  -61.248  -33.125  2.857 0.0000000000
55890  -58.746  -11.763  -3.656 0.0000000000
55891  -58.165  -12.144  -4.299 0.0000000000
55892  -58.117  -11.643  -4.074 0.0000000000
55893  -57.107  -10.671  -4.811 0.0000000000
55894  -56.979  -11.321  -5.027 0.0000000000
55895  -56.443  -11.088  -5.493 0.0000000000
57696  -58.400  -2.332  -5.210 0.0000000000
57697  -58.233  -1.935  -5.111 0.0000000000
57698  -56.263  2.070  -8.272 0.0000000000
57699  -56.614  1.753  -8.260 0.0000000000
57700  -56.497  2.193  -8.801 0.0000000000
57701  -56.219  2.226  -10.805 0.0000000000
57702  -56.447  2.031  -10.173 0.0000000000
57703  -56.256  1.682  -11.022 0.0000000000
57704  -56.236  1.086  -11.243 0.0000000000
57705  -55.867  1.209  -11.882 0.0000000000
57707  -55.468  1.324  -12.534 0.0000000000
60929  -62.331  -21.789  -1.541 0.0000000000
60930  -61.779  -21.525  -1.696 0.0000000000
60931  -62.477  -21.258  -1.462 0.0000000000
60932  -63.244  -19.927  -1.004 0.0000000000
60933  -62.756  -20.189  -1.348 0.0000000000
60934  -62.863  -19.580  -1.230 0.0000000000
60935  -62.553  -19.239  -1.373 0.0000000000
60936  -63.005  -19.050  -1.077 0.0000000000
61323  -64.531  -22.738  -0.053 0.0000000000
61324  -64.745  -23.122  0.195 0.0000000000
61325  -64.350  -23.362  -0.376 0.0000000000
61326  -64.177  -23.956  -0.581 0.0000000000
61327  -63.825  -23.563  -0.863 0.0000000000
61328  -63.211  -23.764  -1.280 0.0000000000
61329  -63.517  -23.193  -1.106 0.0000000000
61330  -63.238  -21.863  -1.133 0.0000000000
61331  -62.863  -22.487  -1.399 0.0000000000
61332  -62.593  -22.113  -1.487 0.0000000000
61333  -61.855  -22.353  -1.772 0.0000000000
68732  -59.121  -31.544  0.923 0.0000000000
68733  -58.137  -31.732  0.652 0.0000000000
68734  -58.820  -31.374  0.662 0.0000000000
68735  -58.502  -31.114  0.354 0.0000000000
68736  -59.568  -30.930  0.619 0.0000000000
69750  -58.714  -14.733  -4.604 0.0000000000
75151  -59.470  -7.274  -3.043 0.0000000000
75152  -59.554  -6.774  -2.968 0.0000000000
75153  -59.205  -5.687  -4.017 0.0000000000
75154  -59.085  -6.160  -4.129 0.0000000000
75155  -58.732  -5.934  -4.751 0.0000000000
75156  -58.073  -6.262  -5.480 0.0000000000
75157  -58.314  -5.720  -5.408 0.0000000000
75161  -57.811  -4.213  -6.722 0.0000000000
75162  -58.299  -4.454  -5.933 0.0000000000
75163  -57.563  -4.744  -6.712 0.0000000000
75164  -57.300  -5.270  -6.747 0.0000000000
75165  -56.751  -5.066  -7.545 0.0000000000
75166  -55.893  -5.465  -8.393 0.0000000000
75167  -56.239  -4.919  -8.374 0.0000000000
75168  -55.840  -4.132  -9.773 0.0000000000
75169  -55.539  -4.668  -9.839 0.0000000000
75176  -57.585  -0.463  -6.347 0.0000000000
75177  -57.647  -0.857  -5.801 0.0000000000
75178  -57.770  -0.792  -6.395 0.0000000000
75179  -57.925  -1.198  -6.491 0.0000000000
75180  -57.792  -0.875  -7.058 0.0000000000
75181  -57.071  1.079  -8.370 0.0000000000
75182  -57.222  0.737  -7.876 0.0000000000
75183  -57.192  0.677  -8.488 0.0000000000
75184  -56.861  -0.795  -9.783 0.0000000000
75185  -57.184  -0.392  -8.987 0.0000000000
75186  -57.125  -1.005  -9.219 0.0000000000
75187  -57.396  -1.255  -8.565 0.0000000000
75188  -56.946  -1.712  -9.396 0.0000000000
75189  -56.733  -2.345  -9.498 0.0000000000
84876  -57.170  -20.945  -2.849 0.0000000000
84877  -60.808  -20.903  -1.843 0.0000000000
84878  -59.950  -21.161  -2.051 0.0000000000
84879  -60.229  -20.598  -1.944 0.0000000000
84880  -59.419  -19.437  -2.192 0.0000000000
84881  -59.139  -19.956  -2.244 0.0000000000
84882  -58.563  -19.628  -2.465 0.0000000000
84883  -57.750  -19.843  -2.729 0.0000000000
84884  -58.039  -19.315  -2.659 0.0000000000
84886  -58.318  -18.836  -2.583 0.0000000000
84887  -59.809  -17.699  -2.250 0.0000000000
84888  -58.976  -17.861  -2.530 0.0000000000
84889  -59.280  -17.392  -2.581 0.0000000000
84890  -58.719  -17.089  -2.992 0.0000000000
84891  -59.523  -16.887  -2.665 0.0000000000
84897  -63.386  -18.077  -0.375 0.0000000000
84898  -63.168  -18.154  -0.761 0.0000000000
84899  -63.211  -17.793  -0.553 0.0000000000
84903  -62.760  -16.288  -0.532 0.0000000000
84904  -63.010  -16.678  -0.239 0.0000000000
84905  -62.783  -16.760  -0.694 0.0000000000
84906  -62.705  -17.202  -0.901 0.0000000000
84907  -62.421  -16.892  -1.066 0.0000000000
84908  -61.910  -17.093  -1.406 0.0000000000
84909  -62.019  -16.592  -1.292 0.0000000000
84910  -61.279  -15.394  -1.955 0.0000000000
84911  -61.109  -15.891  -1.984 0.0000000000
84912  -60.687  -15.531  -2.429 0.0000000000
84913  -60.021  -15.715  -2.875 0.0000000000
84914  -60.241  -15.232  -2.950 0.0000000000
84915  -59.740  -15.016  -3.532 0.0000000000
84916  -60.409  -14.846  -3.010 0.0000000000
84917  -61.107  -13.913  -2.521 0.0000000000
84918  -60.662  -14.143  -3.103 0.0000000000
84919  -60.658  -13.808  -3.132 0.0000000000
84920  -60.153  -13.716  -3.651 0.0000000000
84921  -60.653  -13.493  -3.074 0.0000000000
84926  -61.226  -12.865  -1.624 0.0000000000
84927  -60.838  -12.697  -2.121 0.0000000000
84928  -60.490  -12.887  -2.755 0.0000000000
84929  -60.416  -12.498  -2.571 0.0000000000
84930  -59.906  -12.279  -2.994 0.0000000000
84931  -60.304  -12.128  -2.402 0.0000000000
84933  -60.106  -11.318  -1.987 0.0000000000
86013  -64.426  -32.711  5.022 0.0000000000
86017  -63.599  -33.344  4.527 0.0000000000
86018  -62.962  -33.444  4.251 0.0000000000
86019  -63.423  -33.019  4.163 0.0000000000
86020  -63.762  -32.035  3.377 0.0000000000
86021  -63.246  -32.436  3.360 0.0000000000
86022  -63.092  -32.176  3.026 0.0000000000
86023  -62.380  -32.319  2.722 0.0000000000
86024  -62.979  -31.888  2.669 0.0000000000
86025  -65.165  -30.037  3.843 0.0000000000
86026  -64.920  -30.540  3.658 0.0000000000
86027  -64.881  -30.255  3.294 0.0000000000
86028  -63.811  -30.418  2.000 0.0000000000
86029  -63.907  -30.722  2.301 0.0000000000
86030  -63.311  -30.887  1.981 0.0000000000
86031  -62.774  -31.309  2.010 0.0000000000
86032  -62.617  -31.018  1.722 0.0000000000
86033  -61.813  -31.143  1.537 0.0000000000
86034  -62.416  -30.707  1.468 0.0000000000
86035  -62.582  -29.582  0.853 0.0000000000
86036  -61.954  -30.061  0.903 0.0000000000
86037  -61.720  -29.735  0.650 0.0000000000
86038  -60.818  -29.874  0.465 0.0000000000
86039  -61.453  -29.371  0.409 0.0000000000
86047  -65.584  -26.636  2.481 0.0000000000
86051  -64.718  -26.400  0.522 0.0000000000
86052  -65.171  -26.186  1.005 0.0000000000
86053  -64.925  -26.784  0.962 0.0000000000
86054  -65.092  -27.188  1.411 0.0000000000
86055  -64.591  -27.395  0.936 0.0000000000
86056  -64.168  -27.981  0.937 0.0000000000
86057  -63.989  -27.567  0.550 0.0000000000
86058  -62.082  -27.450  -0.455 0.0000000000
86059  -62.448  -27.836  -0.090 0.0000000000
86060  -61.495  -28.043  -0.288 0.0000000000
86061  -60.839  -28.612  -0.146 0.0000000000
86062  -60.520  -28.224  -0.433 0.0000000000
86063  -59.493  -28.426  -0.606 0.0000000000
86064  -60.201  -27.852  -0.695 0.0000000000
86065  -59.872  -26.632  -1.498 0.0000000000
86066  -59.355  -27.179  -1.324 0.0000000000
86067  -58.912  -26.844  -1.642 0.0000000000
86069  -58.493  -26.501  -1.914 0.0000000000
86070  -61.653  -24.294  -1.887 0.0000000000
86071  -61.321  -24.934  -1.870 0.0000000000
86072  -60.822  -24.514  -2.122 0.0000000000
86073  -58.710  -24.627  -2.456 0.0000000000
86074  -59.130  -24.979  -2.324 0.0000000000
86075  -58.224  -25.235  -2.432 0.0000000000
89798  -58.365  -7.953  -4.351 0.0000000000
89799  -57.996  -8.626  -4.416 0.0000000000
89800  -57.496  -8.363  -4.976 0.0000000000
89802  -55.677  -9.275  -6.315 0.0000000000
89954  -54.352  4.568  -10.539 0.0000000000
93229  -59.894  -34.911  4.308 0.0000000000
93230  -59.631  -34.581  3.803 0.0000000000
93231  -59.406  -34.360  3.367 0.0000000000
93232  -60.278  -34.249  3.751 0.0000000000
93233  -60.983  -33.974  3.767 0.0000000000
93234  -61.619  -33.675  3.718 0.0000000000
93438  -58.870  -10.667  -3.283 0.0000000000
93439  -58.186  -11.074  -3.874 0.0000000000
93440  -58.382  -10.456  -3.698 0.0000000000
93441  -57.885  -10.218  -4.150 0.0000000000
93442  -57.402  -9.915  -4.673 0.0000000000
94523  -56.093  2.890  -9.325 0.0000000000
94524  -56.365  2.555  -9.351 0.0000000000
94525  -56.195  2.856  -9.954 0.0000000000
94526  -56.112  2.694  -10.673 0.0000000000
94527  -55.880  2.394  -11.505 0.0000000000
94528  -55.516  1.995  -12.339 0.0000000000
94529  -55.518  2.541  -12.229 0.0000000000
94530  -55.137  2.663  -12.925 0.0000000000
96461  -63.537  -21.228  -0.916 0.0000000000
96462  -63.099  -20.999  -1.169 0.0000000000
96463  -63.570  -20.727  -0.832 0.0000000000
96700  -64.259  -22.376  -0.327 0.0000000000
96701  -63.802  -22.595  -0.800 0.0000000000
96702  -64.005  -21.969  -0.554 0.0000000000
96703  -63.750  -21.593  -0.751 0.0000000000
101137  -58.680  -33.304  1.833 0.0000000000
101139  -58.469  -32.938  1.568 0.0000000000
101140  -58.254  -32.676  1.348 0.0000000000
101143  -58.721  -32.044  1.148 0.0000000000
101144  -59.435  -31.711  1.176 0.0000000000
101145  -60.128  -31.415  1.192 0.0000000000
101754  -58.981  -14.090  -4.730 0.0000000000
104998  -59.262  -5.199  -3.933 0.0000000000
104999  -58.677  -3.220  -5.257 0.0000000000
105000  -58.757  -3.692  -5.271 0.0000000000
105001  -58.481  -3.428  -5.993 0.0000000000
105002  -58.051  -3.678  -6.723 0.0000000000
105003  -57.367  -4.018  -7.509 0.0000000000
105004  -56.599  -4.394  -8.360 0.0000000000
105005  -56.920  -3.859  -8.290 0.0000000000
105006  -56.505  -3.714  -9.104 0.0000000000
105007  -56.125  -3.576  -9.748 0.0000000000
105011  -57.362  -0.245  -6.252 0.0000000000
105012  -57.520  -0.053  -6.871 0.0000000000
105013  -56.754  0.654  -9.966 0.0000000000
105014  -57.000  0.469  -9.294 0.0000000000
105015  -56.685  0.076  -10.131 0.0000000000
105016  -56.553  -0.611  -10.378 0.0000000000
105017  -56.288  -1.351  -10.642 0.0000000000
110825  -57.375  -23.146  -2.756 0.0000000000
110827  -57.691  -22.673  -2.648 0.0000000000
110828  -57.971  -22.129  -2.574 0.0000000000
110829  -58.271  -21.615  -2.482 0.0000000000
110830  -61.245  -19.771  -1.748 0.0000000000
110831  -60.476  -20.037  -1.911 0.0000000000
110832  -60.692  -19.460  -1.850 0.0000000000
110833  -60.206  -19.213  -1.987 0.0000000000
110834  -59.722  -18.922  -2.116 0.0000000000
110835  -59.174  -18.640  -2.280 0.0000000000
110836  -60.001  -18.439  -2.043 0.0000000000
110837  -60.296  -18.035  -2.001 0.0000000000
110838  -60.578  -17.527  -1.957 0.0000000000
110847  -62.738  -15.956  -0.273 0.0000000000
110848  -62.481  -15.989  -0.762 0.0000000000
110849  -62.078  -16.109  -1.216 0.0000000000
110850  -62.178  -15.635  -1.043 0.0000000000
110851  -61.791  -15.326  -1.422 0.0000000000
110852  -61.410  -14.939  -1.917 0.0000000000
110853  -60.989  -14.705  -2.455 0.0000000000
110854  -61.482  -14.528  -1.870 0.0000000000
110855  -61.505  -14.133  -1.925 0.0000000000
110856  -61.438  -13.790  -1.929 0.0000000000
111513  -64.759  -32.225  5.085 0.0000000000
111514  -64.356  -32.371  4.575 0.0000000000
111515  -63.885  -32.553  4.149 0.0000000000
111516  -64.318  -32.062  4.203 0.0000000000
111517  -64.268  -31.815  3.834 0.0000000000
111518  -64.246  -31.508  3.452 0.0000000000
111519  -65.068  -29.376  3.190 0.0000000000
111520  -64.804  -29.954  2.965 0.0000000000
111521  -64.727  -29.678  2.590 0.0000000000
111522  -64.258  -29.914  2.080 0.0000000000
111523  -63.679  -30.141  1.648 0.0000000000
111524  -62.988  -30.263  1.414 0.0000000000
111525  -63.516  -29.806  1.396 0.0000000000
111526  -63.352  -29.498  1.127 0.0000000000
111527  -63.179  -29.061  0.820 0.0000000000
111533  -64.849  -24.768  0.246 0.0000000000
111534  -65.123  -25.171  0.710 0.0000000000
111535  -64.696  -25.370  0.162 0.0000000000
111536  -64.454  -25.997  0.105 0.0000000000
111537  -64.131  -26.600  0.101 0.0000000000
111538  -63.795  -27.131  0.155 0.0000000000
111539  -63.420  -26.763  -0.234 0.0000000000
111540  -62.592  -26.924  -0.540 0.0000000000
111541  -61.659  -27.080  -0.729 0.0000000000
111542  -60.733  -27.269  -0.881 0.0000000000
111543  -61.241  -26.742  -1.015 0.0000000000
111544  -60.818  -26.408  -1.357 0.0000000000
111545  -60.386  -26.095  -1.687 0.0000000000
111546  -60.931  -23.511  -2.181 0.0000000000
111547  -60.425  -24.143  -2.250 0.0000000000
111548  -60.057  -23.756  -2.367 0.0000000000
111549  -59.180  -24.019  -2.458 0.0000000000
111550  -58.308  -24.235  -2.559 0.0000000000
111553  -57.632  -23.519  -2.730 0.0000000000
113783  -57.350  -7.439  -5.516 0.0000000000
113784  -56.940  -8.146  -5.494 0.0000000000
113785  -56.365  -7.916  -6.126 0.0000000000
117703  -59.238  -34.104  2.944 0.0000000000
117704  -59.080  -33.871  2.531 0.0000000000
117705  -58.874  -33.624  2.144 0.0000000000
117706  -59.586  -33.294  2.123 0.0000000000
117707  -60.271  -32.912  2.126 0.0000000000
117708  -60.913  -32.536  2.151 0.0000000000
118182  -58.809  -12.628  -4.130 0.0000000000
118183  -58.239  -13.014  -4.810 0.0000000000
118184  -58.190  -12.604  -4.555 0.0000000000
118185  -57.611  -12.513  -4.998 0.0000000000
118187  -57.497  -11.509  -4.577 0.0000000000
118188  -56.972  -11.894  -5.230 0.0000000000
120710  -58.551  -2.763  -5.228 0.0000000000
120711  -58.352  -2.453  -5.944 0.0000000000
120712  -58.165  -2.121  -6.659 0.0000000000
120715  -56.732  1.309  -7.727 0.0000000000
120716  -56.899  1.444  -8.284 0.0000000000
120717  -56.907  1.423  -8.962 0.0000000000
120718  -56.551  2.177  -9.445 0.0000000000
120719  -56.678  1.760  -9.559 0.0000000000
120720  -56.787  1.252  -9.748 0.0000000000
120721  -56.512  0.856  -10.611 0.0000000000
120728  -55.018  1.428  -13.268 0.0000000000
125237  -60.824  -22.271  -2.044 0.0000000000
125238  -60.241  -22.009  -2.113 0.0000000000
125239  -61.049  -21.744  -1.901 0.0000000000
125240  -61.300  -21.204  -1.769 0.0000000000
125241  -61.537  -20.666  -1.670 0.0000000000
125242  -62.621  -20.726  -1.406 0.0000000000
125243  -62.177  -20.433  -1.522 0.0000000000
125244  -61.715  -20.103  -1.641 0.0000000000
125245  -61.953  -19.521  -1.560 0.0000000000
125246  -62.153  -18.970  -1.468 0.0000000000
125247  -62.327  -18.426  -1.382 0.0000000000
125783  -65.275  -28.121  2.630 0.0000000000
125790  -65.004  -23.492  0.530 0.0000000000
125791  -64.974  -24.165  0.362 0.0000000000
125792  -64.519  -24.367  -0.180 0.0000000000
125793  -63.995  -24.547  -0.658 0.0000000000
125794  -63.323  -24.814  -1.079 0.0000000000
125795  -62.609  -25.063  -1.402 0.0000000000
125796  -62.882  -24.426  -1.393 0.0000000000
125797  -62.444  -24.056  -1.629 0.0000000000
125798  -62.083  -23.677  -1.812 0.0000000000
125799  -63.186  -22.837  -1.257 0.0000000000
125800  -62.511  -23.059  -1.618 0.0000000000
125801  -61.772  -23.288  -1.919 0.0000000000
125802  -61.412  -22.917  -2.004 0.0000000000
125803  -61.091  -22.577  -2.042 0.0000000000
127538  -55.238  -6.638  -8.317 0.0000000000
130599  -55.970  1.782  -7.847 0.0000000000
130600  -55.927  2.282  -8.330 0.0000000000
130603  -55.863  2.753  -8.808 0.0000000000
130604  -55.748  3.178  -9.351 0.0000000000
130605  -55.562  3.602  -9.911 0.0000000000
130606  -55.360  4.019  -10.493 0.0000000000
135449  -58.190  -30.822  0.089 0.0000000000
135450  -58.915  -30.346  0.105 0.0000000000
136734  -58.328  -15.599  -4.326 0.0000000000
136745  -57.739  -13.302  -5.574 0.0000000000
143371  -59.139  -8.394  -3.300 0.0000000000
143372  -59.338  -7.837  -3.144 0.0000000000
143373  -59.051  -7.572  -3.711 0.0000000000
143374  -58.672  -7.330  -4.310 0.0000000000
143375  -59.361  -6.445  -3.548 0.0000000000
143376  -58.933  -6.747  -4.247 0.0000000000
143377  -58.245  -7.090  -4.918 0.0000000000
143378  -57.751  -6.826  -5.506 0.0000000000
143379  -57.190  -6.636  -6.126 0.0000000000
143380  -56.620  -6.467  -6.794 0.0000000000
143382  -59.259  -4.713  -3.905 0.0000000000
143383  -58.992  -4.937  -4.567 0.0000000000
143384  -58.761  -4.183  -5.265 0.0000000000
143385  -58.680  -4.697  -5.218 0.0000000000
143386  -58.521  -5.171  -5.291 0.0000000000
143387  -57.840  -5.488  -6.041 0.0000000000
143388  -56.933  -5.828  -6.839 0.0000000000
143389  -56.069  -6.255  -7.511 0.0000000000
143390  -55.578  -6.038  -8.357 0.0000000000
143393  -55.873  -4.792  -9.133 0.0000000000
143402  -57.462  -1.081  -5.249 0.0000000000
143403  -57.732  -1.280  -5.194 0.0000000000
143404  -58.000  -1.552  -5.146 0.0000000000
143405  -58.076  -1.564  -5.823 0.0000000000
143406  -58.052  -1.643  -6.613 0.0000000000
143407  -57.943  -1.829  -7.281 0.0000000000
143408  -57.141  0.655  -7.322 0.0000000000
143409  -57.366  0.355  -7.382 0.0000000000
143410  -57.514  -0.031  -7.488 0.0000000000
143411  -57.228  0.194  -8.695 0.0000000000
143412  -57.407  -0.165  -8.208 0.0000000000
143413  -57.609  -0.513  -7.657 0.0000000000
143414  -57.662  -1.001  -7.842 0.0000000000
143415  -57.674  -1.547  -7.932 0.0000000000
143416  -57.582  -2.138  -8.052 0.0000000000
143417  -57.048  -2.515  -8.886 0.0000000000
143418  -56.430  -2.962  -9.635 0.0000000000
155102  -59.651  -21.723  -2.177 0.0000000000
155103  -59.113  -21.412  -2.221 0.0000000000
155104  -58.573  -21.072  -2.385 0.0000000000
155105  -59.665  -20.282  -2.087 0.0000000000
155106  -58.851  -20.507  -2.314 0.0000000000
155107  -58.026  -20.732  -2.571 0.0000000000
155108  -57.471  -20.409  -2.772 0.0000000000
155114  -58.642  -18.349  -2.507 0.0000000000
155115  -58.071  -18.072  -2.847 0.0000000000
155118  -58.164  -16.745  -3.495 0.0000000000
155119  -58.458  -16.199  -3.667 0.0000000000
155125  -63.400  -18.885  -0.727 0.0000000000
155126  -63.113  -18.569  -0.924 0.0000000000
155127  -62.804  -18.251  -1.089 0.0000000000
155128  -62.495  -17.934  -1.274 0.0000000000
155135  -62.940  -17.480  -0.752 0.0000000000
155136  -62.578  -17.590  -1.107 0.0000000000
155137  -62.108  -17.813  -1.387 0.0000000000
155138  -61.744  -17.565  -1.529 0.0000000000
155139  -61.317  -17.295  -1.700 0.0000000000
155140  -60.804  -17.007  -1.955 0.0000000000
155141  -61.543  -16.293  -1.612 0.0000000000
155142  -60.944  -16.510  -1.990 0.0000000000
155143  -60.290  -16.676  -2.333 0.0000000000
155144  -59.763  -16.289  -2.742 0.0000000000
155145  -59.266  -15.972  -3.255 0.0000000000
155146  -58.799  -15.766  -3.777 0.0000000000
155147  -59.047  -15.303  -3.931 0.0000000000
155148  -59.248  -14.869  -4.075 0.0000000000
155149  -59.487  -14.603  -4.136 0.0000000000
155150  -60.572  -14.531  -3.060 0.0000000000
155151  -60.122  -14.371  -3.640 0.0000000000
155152  -59.611  -14.258  -4.155 0.0000000000
155153  -59.607  -13.926  -4.158 0.0000000000
155154  -59.589  -13.567  -4.094 0.0000000000
155155  -59.560  -13.210  -3.943 0.0000000000
155158  -61.393  -13.490  -1.859 0.0000000000
155160  -61.351  -13.204  -1.745 0.0000000000
155161  -61.068  -13.331  -2.422 0.0000000000
155162  -60.613  -13.181  -2.928 0.0000000000
155163  -60.074  -13.019  -3.411 0.0000000000
155164  -59.449  -12.821  -3.818 0.0000000000
155165  -59.388  -12.432  -3.530 0.0000000000
155166  -59.354  -12.019  -3.326 0.0000000000
155167  -59.318  -11.571  -3.149 0.0000000000
155168  -60.187  -11.747  -2.216 0.0000000000
155169  -59.739  -11.447  -2.584 0.0000000000
155170  -59.295  -11.077  -2.920 0.0000000000
155171  -59.403  -10.489  -2.722 0.0000000000
155172  -59.545  -9.858  -2.484 0.0000000000
155173  -59.692  -9.244  -2.329 0.0000000000
156468  -62.668  -34.229  4.786 0.0000000000
156469  -62.484  -33.862  4.398 0.0000000000
156470  -62.331  -33.542  3.992 0.0000000000
156471  -62.167  -33.250  3.538 0.0000000000
156472  -63.330  -32.711  3.754 0.0000000000
156473  -62.701  -32.827  3.407 0.0000000000
156474  -61.965  -32.977  3.121 0.0000000000
156475  -61.781  -32.722  2.759 0.0000000000
156476  -61.640  -32.421  2.422 0.0000000000
156477  -61.524  -32.101  2.113 0.0000000000
156478  -64.935  -30.865  4.018 0.0000000000
156479  -64.599  -31.028  3.548 0.0000000000
156480  -64.131  -31.264  3.049 0.0000000000
156481  -64.432  -30.495  2.775 0.0000000000
156482  -64.000  -31.011  2.649 0.0000000000
156483  -63.600  -31.461  2.629 0.0000000000
156484  -62.896  -31.604  2.333 0.0000000000
156485  -62.183  -31.742  2.111 0.0000000000
156486  -61.430  -31.813  1.869 0.0000000000
156487  -61.272  -31.537  1.650 0.0000000000
156488  -61.019  -31.242  1.360 0.0000000000
156489  -60.713  -30.984  1.096 0.0000000000
156490  -62.194  -30.367  1.176 0.0000000000
156491  -61.319  -30.524  0.983 0.0000000000
156492  -60.457  -30.693  0.808 0.0000000000
156493  -60.191  -30.390  0.517 0.0000000000
156494  -59.857  -30.073  0.272 0.0000000000
156495  -59.529  -29.758  0.042 0.0000000000
156503  -65.455  -27.558  2.721 0.0000000000
156504  -65.258  -27.842  2.170 0.0000000000
156508  -65.332  -25.588  1.129 0.0000000000
156510  -65.542  -26.321  2.037 0.0000000000
156511  -65.387  -26.901  1.907 0.0000000000
156512  -65.175  -27.533  1.790 0.0000000000
156513  -64.854  -28.088  1.711 0.0000000000
156514  -64.371  -28.325  1.251 0.0000000000
156515  -63.732  -28.506  0.836 0.0000000000
156516  -62.963  -28.648  0.520 0.0000000000
156517  -63.345  -27.666  0.189 0.0000000000
156518  -62.791  -28.222  0.230 0.0000000000
156519  -62.098  -28.816  0.305 0.0000000000
156520  -61.145  -29.001  0.136 0.0000000000
156521  -60.189  -29.187  -0.028 0.0000000000
156522  -59.236  -29.395  -0.207 0.0000000000
156523  -58.912  -29.024  -0.481 0.0000000000
156526  -59.755  -27.512  -1.009 0.0000000000
156532  -61.837  -25.326  -1.625 0.0000000000
156533  -60.917  -25.541  -1.807 0.0000000000
156534  -59.980  -25.779  -1.965 0.0000000000
156535  -60.002  -24.771  -2.226 0.0000000000
156536  -59.561  -25.379  -2.160 0.0000000000
156537  -59.030  -25.963  -2.061 0.0000000000
156538  -58.104  -26.142  -2.157 0.0000000000
161008  -58.456  -8.871  -3.903 0.0000000000
161009  -57.653  -9.261  -4.522 0.0000000000
161010  -56.814  -9.719  -5.183 0.0000000000
161011  -56.520  -8.819  -5.633 0.0000000000
161012  -56.230  -9.508  -5.736 0.0000000000
161195  -54.927  4.379  -10.498 0.0000000000
161196  -55.099  4.391  -11.131 0.0000000000
