#!ascii label  , from subject fsaverage vox2ras=TkReg
357
28  -48.046  -11.602  -9.635 0.0000000000
330  -55.761  -3.724  -3.521 0.0000000000
433  -48.608  -0.540  -15.779 0.0000000000
810  -51.071  -7.222  -6.111 0.0000000000
811  -56.555  0.615  -6.742 0.0000000000
812  -52.055  -1.086  -8.672 0.0000000000
1969  -48.842  -6.259  -12.516 0.0000000000
2464  -51.637  4.276  -12.312 0.0000000000
2730  -49.661  -9.534  -7.845 0.0000000000
2731  -51.720  -4.092  -7.343 0.0000000000
2732  -50.184  -6.500  -8.979 0.0000000000
5513  -48.875  -3.366  -14.039 0.0000000000
5514  -50.527  -0.760  -12.274 0.0000000000
5515  -50.277  2.188  -14.189 0.0000000000
6066  -53.138  -5.106  -4.501 0.0000000000
6067  -56.551  -1.436  -5.006 0.0000000000
6068  -54.131  -2.193  -5.917 0.0000000000
6069  -54.433  0.547  -7.551 0.0000000000
6070  -54.367  3.093  -9.225 0.0000000000
8497  -48.536  -9.009  -11.043 0.0000000000
9946  -50.479  -3.648  -10.508 0.0000000000
9947  -51.773  1.615  -10.360 0.0000000000
9948  -53.582  5.138  -11.180 0.0000000000
10410  -48.900  -10.597  -8.787 0.0000000000
10411  -49.966  -7.997  -8.391 0.0000000000
10412  -49.266  -9.108  -9.286 0.0000000000
11552  -57.324  -2.478  -3.879 0.0000000000
13193  -48.783  -1.911  -14.856 0.0000000000
13194  -49.616  -0.595  -14.117 0.0000000000
13195  -49.450  0.749  -15.046 0.0000000000
13950  -51.989  -5.989  -5.294 0.0000000000
13951  -53.666  -3.657  -5.185 0.0000000000
13952  -52.486  -4.473  -5.950 0.0000000000
13953  -51.941  -2.604  -7.976 0.0000000000
13954  -53.045  -1.555  -7.372 0.0000000000
13955  -53.164  -0.069  -8.145 0.0000000000
13956  -54.506  1.948  -8.422 0.0000000000
13957  -53.263  1.432  -8.885 0.0000000000
17378  -56.612  -0.417  -5.853 0.0000000000
20675  -48.412  -13.126  -7.424 0.0000000000
22298  -48.697  -7.638  -11.780 0.0000000000
22299  -49.624  -6.386  -10.793 0.0000000000
22300  -49.763  -4.967  -11.550 0.0000000000
22301  -51.020  1.916  -12.177 0.0000000000
22302  -51.086  0.496  -11.211 0.0000000000
22303  -51.739  2.953  -11.268 0.0000000000
22304  -52.754  3.811  -10.531 0.0000000000
22305  -52.530  5.027  -11.611 0.0000000000
23346  -50.352  -8.440  -6.969 0.0000000000
23347  -51.454  -5.618  -6.711 0.0000000000
23348  -50.658  -6.859  -7.499 0.0000000000
23349  -50.833  -5.340  -8.094 0.0000000000
23350  -50.997  -3.812  -8.694 0.0000000000
28355  -48.909  -4.813  -13.271 0.0000000000
28356  -49.851  -3.513  -12.409 0.0000000000
28357  -49.782  -2.058  -13.249 0.0000000000
28358  -50.366  0.652  -13.174 0.0000000000
28359  -50.924  3.343  -13.224 0.0000000000
29514  -54.427  -4.303  -3.928 0.0000000000
29515  -56.263  -2.491  -4.147 0.0000000000
29516  -54.981  -2.963  -4.548 0.0000000000
29517  -55.382  -1.672  -5.309 0.0000000000
29518  -55.544  -0.471  -6.134 0.0000000000
29519  -52.862  -3.017  -6.665 0.0000000000
29520  -54.270  -0.863  -6.672 0.0000000000
29521  -55.548  0.800  -7.046 0.0000000000
29522  -55.531  1.925  -8.008 0.0000000000
29523  -55.478  2.979  -8.930 0.0000000000
29524  -55.173  3.910  -9.912 0.0000000000
31814  -48.410  0.904  -16.830 0.0000000000
31815  -49.298  2.232  -16.065 0.0000000000
35761  -48.336  -10.307  -10.350 0.0000000000
35762  -47.458  -11.216  -11.165 0.0000000000
38116  -54.043  -5.644  -3.220 0.0000000000
38124  -48.648  -11.884  -8.084 0.0000000000
38125  -47.790  -12.819  -8.953 0.0000000000
38206  -46.671  -13.847  -10.048 0.0000000000
40072  -49.449  -7.771  -10.031 0.0000000000
40073  -50.320  -5.084  -9.737 0.0000000000
40074  -51.094  -2.321  -9.532 0.0000000000
40075  -50.595  -2.222  -11.385 0.0000000000
40076  -51.107  -0.851  -10.367 0.0000000000
40077  -51.978  0.350  -9.505 0.0000000000
40078  -53.020  2.665  -9.719 0.0000000000
40079  -53.999  4.167  -10.113 0.0000000000
40081  -50.073  3.724  -15.294 0.0000000000
40082  -50.813  4.811  -14.349 0.0000000000
40083  -51.492  5.621  -13.439 0.0000000000
40086  -52.299  6.046  -12.783 0.0000000000
40087  -53.141  6.031  -12.424 0.0000000000
41130  -48.485  -11.129  -9.223 0.0000000000
41131  -49.122  -9.818  -9.006 0.0000000000
41132  -48.740  -10.331  -9.446 0.0000000000
42272  -56.602  -3.009  -3.664 0.0000000000
43913  -48.696  -1.211  -15.307 0.0000000000
43914  -49.118  -0.581  -14.965 0.0000000000
43915  -49.039  0.095  -15.452 0.0000000000
44670  -51.489  -6.678  -5.702 0.0000000000
44671  -52.266  -5.229  -5.609 0.0000000000
44672  -51.704  -5.830  -6.021 0.0000000000
44673  -51.961  -1.884  -8.305 0.0000000000
44674  -52.489  -1.277  -8.056 0.0000000000
44675  -52.544  -0.508  -8.433 0.0000000000
44676  -53.200  0.705  -8.547 0.0000000000
44677  -52.648  0.254  -8.795 0.0000000000
48098  -56.593  0.112  -6.292 0.0000000000
48099  -57.014  -0.030  -6.289 0.0000000000
48100  -56.927  0.455  -6.774 0.0000000000
53018  -48.754  -7.006  -12.127 0.0000000000
53019  -49.264  -6.294  -11.662 0.0000000000
53020  -49.322  -5.618  -12.047 0.0000000000
53021  -51.321  3.174  -12.209 0.0000000000
53022  -51.344  2.465  -11.669 0.0000000000
53023  -51.699  3.636  -11.769 0.0000000000
53024  -52.158  4.094  -11.418 0.0000000000
53025  -52.057  4.713  -11.912 0.0000000000
54270  -50.021  -8.995  -7.422 0.0000000000
54271  -50.548  -7.589  -7.224 0.0000000000
54272  -50.177  -8.205  -7.671 0.0000000000
54273  -50.099  -7.253  -8.685 0.0000000000
54274  -50.433  -6.623  -8.261 0.0000000000
54275  -50.487  -5.924  -8.522 0.0000000000
54276  -50.911  -4.586  -8.381 0.0000000000
54277  -50.594  -5.145  -8.827 0.0000000000
62618  -48.865  -4.144  -13.666 0.0000000000
62619  -49.376  -3.364  -13.288 0.0000000000
62620  -49.312  -2.698  -13.685 0.0000000000
62621  -49.924  0.772  -14.169 0.0000000000
62622  -49.995  0.011  -13.671 0.0000000000
62623  -50.313  1.443  -13.681 0.0000000000
62624  -50.640  1.952  -13.149 0.0000000000
62625  -50.600  2.741  -13.695 0.0000000000
64890  -53.766  -4.665  -4.184 0.0000000000
64891  -54.708  -3.611  -4.228 0.0000000000
64892  -54.053  -3.967  -4.505 0.0000000000
64893  -53.961  -2.891  -5.538 0.0000000000
64894  -54.564  -2.590  -5.171 0.0000000000
64895  -54.781  -1.896  -5.586 0.0000000000
64896  -55.529  -1.047  -5.722 0.0000000000
64897  -54.907  -1.222  -5.979 0.0000000000
64898  -51.619  -4.844  -7.016 0.0000000000
64899  -52.106  -4.274  -6.669 0.0000000000
64900  -52.254  -3.568  -6.969 0.0000000000
64901  -53.788  -0.410  -7.462 0.0000000000
64902  -53.649  -1.198  -7.050 0.0000000000
64903  -54.353  -0.124  -7.124 0.0000000000
64904  -54.943  0.080  -6.830 0.0000000000
64905  -54.979  0.737  -7.284 0.0000000000
64906  -55.572  1.383  -7.531 0.0000000000
64907  -55.017  1.360  -7.742 0.0000000000
64908  -54.452  2.530  -8.829 0.0000000000
64909  -55.018  2.566  -8.648 0.0000000000
64910  -54.938  3.083  -9.046 0.0000000000
64911  -55.331  3.427  -9.382 0.0000000000
64912  -54.836  3.631  -9.483 0.0000000000
75173  -56.410  -1.968  -4.564 0.0000000000
75174  -56.908  -1.948  -4.407 0.0000000000
75175  -57.017  -1.443  -4.864 0.0000000000
85048  -53.786  -6.364  -2.905 0.0000000000
85049  -53.156  -6.677  -3.070 0.0000000000
85067  -47.976  -13.595  -7.884 0.0000000000
85068  -48.512  -12.563  -7.746 0.0000000000
85069  -48.096  -13.021  -8.180 0.0000000000
85070  -48.221  -12.370  -8.531 0.0000000000
89933  -48.456  -9.674  -10.683 0.0000000000
89934  -48.965  -9.039  -10.180 0.0000000000
89935  -49.017  -8.429  -10.567 0.0000000000
89936  -50.089  -5.034  -10.665 0.0000000000
89937  -49.981  -5.747  -10.241 0.0000000000
89938  -50.426  -4.367  -10.103 0.0000000000
89939  -50.729  -3.738  -9.608 0.0000000000
89940  -50.768  -3.021  -9.992 0.0000000000
89941  -50.246  -2.149  -12.354 0.0000000000
89942  -50.263  -2.884  -11.907 0.0000000000
89943  -50.576  -1.470  -11.829 0.0000000000
89944  -51.385  1.095  -10.730 0.0000000000
89945  -51.102  -0.160  -10.777 0.0000000000
89946  -51.422  0.426  -10.331 0.0000000000
89947  -51.471  -0.226  -9.914 0.0000000000
89948  -51.883  1.012  -9.955 0.0000000000
89949  -52.505  1.578  -9.615 0.0000000000
89950  -52.398  2.251  -10.035 0.0000000000
89951  -53.191  4.575  -10.805 0.0000000000
89952  -53.368  4.087  -10.336 0.0000000000
89953  -53.791  4.648  -10.623 0.0000000000
89955  -54.088  5.004  -11.082 0.0000000000
89956  -49.575  3.789  -16.207 0.0000000000
89957  -49.706  3.026  -15.684 0.0000000000
89962  -51.143  5.259  -13.852 0.0000000000
89972  -52.705  6.143  -12.545 0.0000000000
92466  -49.282  -10.054  -8.324 0.0000000000
92467  -49.805  -8.795  -8.097 0.0000000000
92468  -49.465  -9.296  -8.571 0.0000000000
92469  -49.621  -8.557  -8.841 0.0000000000
92470  -49.725  -7.864  -9.147 0.0000000000
97475  -48.881  -2.538  -14.419 0.0000000000
97476  -49.311  -1.913  -14.072 0.0000000000
97477  -49.223  -1.198  -14.503 0.0000000000
97478  -49.525  0.134  -14.590 0.0000000000
97479  -49.876  1.503  -14.633 0.0000000000
98838  -52.532  -5.564  -4.880 0.0000000000
98839  -53.412  -4.376  -4.842 0.0000000000
98840  -52.815  -4.792  -5.213 0.0000000000
98841  -53.096  -4.007  -5.548 0.0000000000
98842  -53.325  -3.237  -5.902 0.0000000000
98843  -51.837  -3.325  -7.670 0.0000000000
98844  -52.369  -2.806  -7.321 0.0000000000
98845  -52.480  -2.034  -7.675 0.0000000000
98846  -53.123  -0.797  -7.735 0.0000000000
98847  -53.830  0.284  -7.847 0.0000000000
98848  -54.470  1.181  -7.938 0.0000000000
98849  -53.848  0.993  -8.261 0.0000000000
98850  -53.888  1.754  -8.650 0.0000000000
98851  -53.856  2.358  -9.027 0.0000000000
105008  -56.625  -0.903  -5.438 0.0000000000
105009  -57.107  -0.956  -5.336 0.0000000000
105010  -57.075  -0.515  -5.805 0.0000000000
110945  -47.880  -14.169  -7.559 0.0000000000
113864  -48.626  -8.306  -11.410 0.0000000000
113865  -49.101  -7.716  -10.928 0.0000000000
113866  -49.195  -6.988  -11.297 0.0000000000
113867  -49.721  -5.639  -11.144 0.0000000000
113868  -50.157  -4.323  -11.077 0.0000000000
113869  -50.730  0.531  -12.191 0.0000000000
113870  -50.807  -0.135  -11.738 0.0000000000
113871  -51.060  1.202  -11.676 0.0000000000
113872  -51.341  1.710  -11.178 0.0000000000
113873  -51.751  2.294  -10.773 0.0000000000
113874  -52.312  2.824  -10.437 0.0000000000
113875  -52.218  3.511  -10.918 0.0000000000
113876  -52.636  4.430  -11.071 0.0000000000
113877  -53.017  5.161  -11.357 0.0000000000
115914  -50.701  -7.794  -6.531 0.0000000000
115915  -51.266  -6.391  -6.417 0.0000000000
115916  -50.907  -6.977  -6.786 0.0000000000
115917  -51.066  -6.190  -7.056 0.0000000000
115918  -51.155  -5.487  -7.379 0.0000000000
115919  -50.299  -7.449  -7.944 0.0000000000
115920  -50.732  -6.147  -7.779 0.0000000000
115921  -51.240  -4.728  -7.710 0.0000000000
115922  -51.344  -3.975  -7.997 0.0000000000
115923  -51.439  -3.210  -8.298 0.0000000000
115924  -51.496  -2.421  -8.645 0.0000000000
120713  -56.462  1.074  -7.228 0.0000000000
120714  -56.837  0.884  -7.244 0.0000000000
127601  -48.883  -5.554  -12.884 0.0000000000
127602  -49.389  -4.864  -12.473 0.0000000000
127603  -49.411  -4.120  -12.850 0.0000000000
127604  -49.856  -2.772  -12.813 0.0000000000
127605  -50.199  -1.438  -12.774 0.0000000000
127606  -49.702  -1.410  -13.651 0.0000000000
127607  -50.080  -0.741  -13.209 0.0000000000
127608  -50.435  -0.049  -12.731 0.0000000000
127609  -50.685  1.251  -12.655 0.0000000000
127610  -50.970  2.617  -12.671 0.0000000000
127611  -51.283  3.866  -12.737 0.0000000000
130578  -55.100  -4.027  -3.715 0.0000000000
130579  -56.005  -3.126  -3.824 0.0000000000
130580  -55.382  -3.320  -4.028 0.0000000000
130581  -55.666  -2.640  -4.333 0.0000000000
130582  -55.814  -2.093  -4.729 0.0000000000
130583  -54.302  -3.263  -4.833 0.0000000000
130584  -55.192  -2.302  -4.914 0.0000000000
130585  -55.951  -1.493  -5.125 0.0000000000
130586  -56.060  -0.929  -5.526 0.0000000000
130587  -56.095  -0.406  -5.952 0.0000000000
130588  -56.097  0.160  -6.388 0.0000000000
130589  -51.915  -5.036  -6.346 0.0000000000
130590  -52.652  -3.747  -6.311 0.0000000000
130591  -53.472  -2.570  -6.285 0.0000000000
130592  -52.974  -2.320  -7.003 0.0000000000
130593  -53.590  -1.890  -6.665 0.0000000000
130594  -54.227  -1.526  -6.300 0.0000000000
130595  -54.950  -0.586  -6.375 0.0000000000
130596  -55.545  0.164  -6.576 0.0000000000
130597  -56.089  0.723  -6.827 0.0000000000
130598  -56.047  1.244  -7.336 0.0000000000
130601  -55.027  1.978  -8.200 0.0000000000
130602  -55.503  2.465  -8.472 0.0000000000
136820  -48.519  0.139  -16.286 0.0000000000
136821  -48.965  0.803  -15.945 0.0000000000
136822  -48.866  1.474  -16.484 0.0000000000
136823  -49.141  2.986  -16.619 0.0000000000
136824  -49.351  4.534  -16.742 0.0000000000
143399  -56.809  -2.472  -4.000 0.0000000000
148275  -47.893  -10.776  -10.735 0.0000000000
148276  -48.016  -10.151  -11.099 0.0000000000
148278  -47.566  -10.615  -11.507 0.0000000000
148279  -48.133  -9.464  -11.433 0.0000000000
148280  -48.219  -8.790  -11.803 0.0000000000
148281  -48.308  -8.131  -12.143 0.0000000000
148282  -48.388  -7.450  -12.500 0.0000000000
148291  -48.447  -6.755  -12.867 0.0000000000
148292  -48.491  -6.041  -13.234 0.0000000000
148293  -48.490  -5.368  -13.619 0.0000000000
148294  -48.495  -4.593  -13.995 0.0000000000
148297  -48.505  -3.888  -14.357 0.0000000000
148298  -48.466  -3.196  -14.742 0.0000000000
148299  -48.410  -2.436  -15.183 0.0000000000
148300  -48.343  -1.733  -15.592 0.0000000000
148327  -48.240  -1.074  -16.075 0.0000000000
148328  -48.167  -0.355  -16.569 0.0000000000
155306  -54.418  -6.085  -2.727 0.0000000000
155307  -54.703  -5.352  -3.102 0.0000000000
155308  -54.958  -4.626  -3.381 0.0000000000
155309  -54.314  -4.958  -3.541 0.0000000000
155310  -53.637  -5.247  -3.787 0.0000000000
155311  -52.977  -5.727  -4.117 0.0000000000
155314  -52.339  -6.271  -4.488 0.0000000000
155315  -51.824  -6.768  -4.899 0.0000000000
155316  -51.400  -7.267  -5.334 0.0000000000
155317  -50.984  -7.873  -5.776 0.0000000000
155329  -49.588  -10.129  -7.515 0.0000000000
155332  -49.176  -10.710  -7.964 0.0000000000
155333  -48.761  -11.244  -8.446 0.0000000000
155334  -48.356  -11.754  -8.874 0.0000000000
155335  -47.921  -12.195  -9.298 0.0000000000
155577  -47.250  -13.323  -9.487 0.0000000000
155578  -47.363  -12.755  -9.828 0.0000000000
161170  -48.860  -9.670  -9.809 0.0000000000
161171  -49.366  -8.433  -9.655 0.0000000000
161172  -49.799  -7.158  -9.513 0.0000000000
161173  -49.525  -7.103  -10.412 0.0000000000
161174  -49.891  -6.444  -9.872 0.0000000000
161175  -50.237  -5.801  -9.367 0.0000000000
161176  -50.654  -4.435  -9.233 0.0000000000
161177  -51.065  -3.069  -9.123 0.0000000000
161178  -51.499  -1.692  -9.075 0.0000000000
161179  -49.817  -4.270  -11.964 0.0000000000
161180  -50.199  -3.632  -11.483 0.0000000000
161181  -50.545  -2.918  -10.959 0.0000000000
161182  -50.834  -0.844  -11.291 0.0000000000
161183  -50.813  -1.547  -10.838 0.0000000000
161184  -50.797  -2.269  -10.403 0.0000000000
161185  -51.113  -1.598  -9.932 0.0000000000
161186  -51.512  -0.944  -9.496 0.0000000000
161187  -52.048  -0.358  -9.109 0.0000000000
161188  -52.607  0.897  -9.203 0.0000000000
161189  -53.163  2.006  -9.301 0.0000000000
161190  -53.707  2.928  -9.430 0.0000000000
161191  -52.915  3.291  -10.142 0.0000000000
161192  -53.542  3.555  -9.866 0.0000000000
161193  -54.188  3.658  -9.677 0.0000000000
161194  -54.597  4.119  -10.037 0.0000000000
161197  -49.385  1.499  -15.559 0.0000000000
161198  -49.794  2.249  -15.158 0.0000000000
161199  -50.181  2.968  -14.748 0.0000000000
161202  -50.545  3.546  -14.285 0.0000000000
161203  -50.876  4.023  -13.779 0.0000000000
161204  -51.207  4.588  -13.286 0.0000000000
161205  -51.575  4.961  -12.886 0.0000000000
161213  -51.842  5.889  -13.097 0.0000000000
161214  -51.946  5.281  -12.503 0.0000000000
161215  -52.413  5.535  -12.191 0.0000000000
161216  -52.844  5.639  -11.970 0.0000000000
161217  -53.350  5.619  -11.817 0.0000000000
161219  -53.647  5.873  -12.379 0.0000000000
