#!ascii label  , from subject fsaverage vox2ras=TkReg
368
431  52.151  8.481  -16.605 0.0000000000
805  48.009  11.732  -25.000 0.0000000000
958  49.214  4.324  -17.495 0.0000000000
1966  49.677  11.911  -19.848 0.0000000000
1967  50.549  8.111  -21.539 0.0000000000
2543  53.559  4.368  -17.986 0.0000000000
4315  50.598  7.893  -16.431 0.0000000000
4316  49.587  9.513  -18.260 0.0000000000
4317  51.078  10.411  -18.180 0.0000000000
4318  50.769  10.771  -20.590 0.0000000000
4319  51.945  9.080  -18.958 0.0000000000
6334  50.213  3.466  -15.357 0.0000000000
6335  51.900  6.775  -14.597 0.0000000000
8491  48.333  10.528  -20.268 0.0000000000
8492  48.131  13.105  -21.699 0.0000000000
8493  49.290  12.448  -22.318 0.0000000000
8494  49.389  9.862  -23.156 0.0000000000
8495  48.663  6.633  -24.144 0.0000000000
10182  53.341  6.980  -14.530 0.0000000000
10184  54.248  5.739  -14.792 0.0000000000
10185  53.156  6.955  -17.067 0.0000000000
10186  51.946  6.116  -19.864 0.0000000000
10188  48.657  3.808  -25.054 0.0000000000
11995  51.447  8.665  -16.418 0.0000000000
11996  50.898  9.548  -17.209 0.0000000000
11997  51.618  9.539  -17.495 0.0000000000
11998  51.615  9.967  -18.596 0.0000000000
11999  52.117  9.049  -17.769 0.0000000000
13935  48.054  13.125  -24.534 0.0000000000
14398  50.986  5.500  -14.896 0.0000000000
14399  51.523  5.177  -13.799 0.0000000000
18708  49.683  11.101  -18.883 0.0000000000
18709  48.995  10.136  -19.254 0.0000000000
18710  48.965  11.628  -19.755 0.0000000000
18711  48.204  12.116  -20.812 0.0000000000
18712  48.938  12.545  -20.682 0.0000000000
18713  48.787  13.044  -21.903 0.0000000000
18714  49.590  12.362  -20.998 0.0000000000
18715  50.810  9.588  -21.090 0.0000000000
18716  50.178  10.509  -21.885 0.0000000000
18717  49.881  9.020  -22.365 0.0000000000
18718  48.929  8.246  -23.652 0.0000000000
18719  49.551  7.354  -22.820 0.0000000000
22890  53.079  6.638  -13.364 0.0000000000
22895  53.950  3.795  -16.760 0.0000000000
22896  54.394  4.619  -15.018 0.0000000000
22897  54.026  5.052  -16.345 0.0000000000
22898  53.787  6.153  -15.945 0.0000000000
22899  53.493  5.607  -17.470 0.0000000000
22900  52.682  6.528  -18.502 0.0000000000
22901  52.866  5.137  -19.066 0.0000000000
23337  47.750  10.006  -25.457 0.0000000000
26199  49.796  6.315  -16.935 0.0000000000
26200  49.403  7.075  -17.918 0.0000000000
26201  50.072  8.742  -17.407 0.0000000000
26202  50.343  10.363  -17.996 0.0000000000
26203  50.475  11.186  -18.973 0.0000000000
26204  50.420  11.528  -20.165 0.0000000000
26205  51.054  10.768  -19.411 0.0000000000
26206  51.460  9.970  -19.772 0.0000000000
26207  51.426  8.693  -20.308 0.0000000000
30140  49.700  3.803  -16.428 0.0000000000
30141  50.370  5.837  -15.900 0.0000000000
30142  51.235  7.268  -15.534 0.0000000000
30143  52.070  7.861  -15.574 0.0000000000
35745  48.911  7.724  -18.888 0.0000000000
35746  48.426  8.177  -19.838 0.0000000000
35747  47.783  8.498  -20.736 0.0000000000
35748  47.599  10.803  -21.185 0.0000000000
35749  47.422  12.447  -21.796 0.0000000000
35751  47.983  13.668  -22.906 0.0000000000
35752  48.566  13.272  -23.214 0.0000000000
35753  48.783  12.292  -23.677 0.0000000000
35754  50.111  11.632  -21.404 0.0000000000
35755  49.517  11.386  -22.733 0.0000000000
35756  48.748  10.812  -24.064 0.0000000000
35757  48.454  9.091  -24.511 0.0000000000
35758  48.093  7.444  -24.961 0.0000000000
35759  47.933  5.828  -25.573 0.0000000000
40780  52.326  6.245  -13.545 0.0000000000
40781  52.649  7.065  -14.518 0.0000000000
40782  52.806  7.548  -15.515 0.0000000000
40789  53.831  6.533  -14.565 0.0000000000
40790  53.331  7.099  -15.671 0.0000000000
40791  52.742  7.908  -16.680 0.0000000000
40792  52.550  8.012  -17.955 0.0000000000
40793  52.038  7.809  -19.243 0.0000000000
40794  51.287  7.239  -20.546 0.0000000000
40797  50.339  6.467  -21.936 0.0000000000
40798  49.458  5.790  -23.225 0.0000000000
40799  48.673  5.124  -24.524 0.0000000000
40800  48.081  4.370  -26.023 0.0000000000
40880  48.627  3.178  -26.912 0.0000000000
40881  48.416  3.810  -27.892 0.0000000000
42715  51.799  8.701  -16.499 0.0000000000
42716  51.547  9.153  -16.952 0.0000000000
42717  51.856  9.072  -17.134 0.0000000000
42718  51.878  9.336  -17.661 0.0000000000
42719  52.150  8.768  -17.189 0.0000000000
44655  48.044  12.506  -24.775 0.0000000000
45118  51.128  4.201  -14.005 0.0000000000
49427  49.012  4.585  -17.917 0.0000000000
49428  49.706  11.623  -19.374 0.0000000000
49429  49.290  11.360  -19.321 0.0000000000
49430  49.325  11.855  -19.734 0.0000000000
49431  48.951  12.128  -20.154 0.0000000000
49432  49.331  12.198  -20.221 0.0000000000
49433  49.292  12.468  -20.814 0.0000000000
49434  49.641  12.141  -20.374 0.0000000000
49435  50.695  8.909  -21.332 0.0000000000
49436  50.369  9.368  -21.734 0.0000000000
49437  50.186  8.576  -21.968 0.0000000000
49438  49.680  8.216  -22.589 0.0000000000
49439  49.999  7.725  -22.188 0.0000000000
53615  53.830  4.047  -17.368 0.0000000000
53616  54.026  4.409  -16.544 0.0000000000
53617  53.841  4.711  -17.122 0.0000000000
53618  53.764  5.307  -16.903 0.0000000000
53619  53.541  4.989  -17.730 0.0000000000
53620  53.230  5.383  -18.239 0.0000000000
53621  53.257  4.694  -18.550 0.0000000000
59025  50.198  7.180  -16.643 0.0000000000
59026  49.919  7.604  -17.177 0.0000000000
59027  50.341  8.312  -16.918 0.0000000000
59028  51.033  10.081  -17.619 0.0000000000
59029  50.619  9.947  -17.617 0.0000000000
59030  50.720  10.462  -18.042 0.0000000000
59031  50.419  10.849  -18.445 0.0000000000
59032  50.763  10.824  -18.571 0.0000000000
59033  50.789  11.023  -19.171 0.0000000000
59034  51.085  10.633  -18.780 0.0000000000
59035  51.808  9.586  -18.715 0.0000000000
59036  51.551  10.015  -19.162 0.0000000000
59037  51.721  9.543  -19.360 0.0000000000
59038  51.510  9.401  -20.008 0.0000000000
59039  51.744  8.921  -19.605 0.0000000000
66231  49.675  2.561  -16.163 0.0000000000
66233  49.985  4.896  -16.198 0.0000000000
66234  50.293  4.688  -15.637 0.0000000000
66235  51.454  6.237  -14.641 0.0000000000
66236  51.122  6.421  -15.213 0.0000000000
66237  51.566  7.061  -15.076 0.0000000000
66238  51.692  7.661  -15.453 0.0000000000
66239  52.001  7.373  -15.092 0.0000000000
79163  49.511  8.399  -18.068 0.0000000000
79164  49.168  7.439  -18.399 0.0000000000
79165  49.242  8.767  -18.588 0.0000000000
79166  48.665  10.294  -19.725 0.0000000000
79167  48.676  9.215  -19.543 0.0000000000
79168  48.404  9.481  -20.005 0.0000000000
79169  48.096  8.368  -20.283 0.0000000000
79170  48.068  9.469  -20.423 0.0000000000
79171  47.688  9.736  -20.944 0.0000000000
79172  47.975  10.569  -20.667 0.0000000000
79173  48.179  12.627  -21.214 0.0000000000
79174  47.813  12.273  -21.329 0.0000000000
79175  47.788  12.878  -21.690 0.0000000000
79179  48.068  13.519  -22.265 0.0000000000
79180  49.063  12.826  -22.117 0.0000000000
79181  48.684  13.211  -22.568 0.0000000000
79182  48.908  12.855  -22.773 0.0000000000
79183  48.711  12.824  -23.406 0.0000000000
79184  49.065  12.409  -23.016 0.0000000000
79185  50.641  11.216  -20.367 0.0000000000
79186  50.278  11.620  -20.781 0.0000000000
79187  50.426  11.200  -21.031 0.0000000000
79188  49.803  10.199  -22.514 0.0000000000
79189  49.862  10.995  -22.333 0.0000000000
79190  49.553  10.750  -22.947 0.0000000000
79191  49.161  11.128  -23.434 0.0000000000
79192  49.135  10.375  -23.637 0.0000000000
79193  48.648  9.970  -24.330 0.0000000000
79194  48.931  9.518  -23.817 0.0000000000
79195  48.753  7.404  -23.888 0.0000000000
79196  48.467  7.853  -24.313 0.0000000000
79197  48.358  6.998  -24.564 0.0000000000
79198  47.985  6.599  -25.235 0.0000000000
79199  48.281  6.250  -24.865 0.0000000000
91707  53.249  6.851  -13.922 0.0000000000
91708  52.921  6.904  -13.999 0.0000000000
91709  53.046  7.136  -14.535 0.0000000000
91710  52.745  7.362  -15.053 0.0000000000
91711  53.116  7.273  -15.070 0.0000000000
91723  54.360  5.233  -14.867 0.0000000000
91724  54.633  5.022  -14.207 0.0000000000
91725  54.517  5.572  -14.092 0.0000000000
91727  54.314  6.038  -13.997 0.0000000000
91728  54.148  6.375  -14.016 0.0000000000
91729  54.085  6.168  -14.677 0.0000000000
91730  53.524  6.529  -16.503 0.0000000000
91731  53.598  6.706  -15.796 0.0000000000
91732  53.284  7.076  -16.233 0.0000000000
91733  53.071  7.410  -16.160 0.0000000000
91734  52.969  7.427  -16.818 0.0000000000
91735  52.693  8.007  -17.313 0.0000000000
91736  52.829  7.373  -17.519 0.0000000000
91737  52.308  6.322  -19.227 0.0000000000
91738  52.298  7.138  -18.874 0.0000000000
91739  51.948  6.930  -19.512 0.0000000000
91740  51.695  7.564  -19.870 0.0000000000
91741  51.618  6.671  -20.098 0.0000000000
91748  50.764  6.026  -21.489 0.0000000000
91749  50.306  5.701  -22.152 0.0000000000
91750  49.885  6.119  -22.582 0.0000000000
91751  49.846  5.393  -22.826 0.0000000000
91753  49.016  4.740  -24.097 0.0000000000
91754  48.645  4.424  -24.733 0.0000000000
91755  48.341  4.747  -25.232 0.0000000000
91756  48.379  4.068  -25.501 0.0000000000
91958  48.510  3.486  -27.372 0.0000000000
95319  51.013  8.374  -16.386 0.0000000000
95320  50.752  8.783  -16.798 0.0000000000
95321  51.138  9.119  -16.855 0.0000000000
95322  51.239  9.606  -17.333 0.0000000000
95323  51.328  9.991  -17.840 0.0000000000
95324  51.383  10.251  -18.365 0.0000000000
95325  51.649  9.822  -18.047 0.0000000000
95326  51.865  9.511  -18.183 0.0000000000
95327  52.071  9.127  -18.350 0.0000000000
99643  50.518  3.339  -14.808 0.0000000000
99644  50.604  4.505  -15.092 0.0000000000
99645  50.844  4.377  -14.551 0.0000000000
99646  51.306  5.276  -14.278 0.0000000000
99647  51.732  6.071  -14.104 0.0000000000
107402  49.642  10.391  -18.529 0.0000000000
107403  49.286  9.869  -18.753 0.0000000000
107404  49.276  10.710  -18.990 0.0000000000
107405  48.970  11.036  -19.477 0.0000000000
107406  48.640  11.186  -19.920 0.0000000000
107407  48.263  11.391  -20.529 0.0000000000
107408  48.587  11.873  -20.251 0.0000000000
107409  48.571  12.371  -20.703 0.0000000000
107410  48.534  12.798  -21.212 0.0000000000
107411  48.452  13.169  -21.761 0.0000000000
107412  48.881  12.813  -21.269 0.0000000000
107413  49.213  12.672  -21.444 0.0000000000
107414  49.473  12.435  -21.639 0.0000000000
107415  50.850  10.241  -20.877 0.0000000000
107416  50.520  10.694  -21.226 0.0000000000
107417  50.472  10.069  -21.494 0.0000000000
107418  50.075  9.825  -22.094 0.0000000000
107419  49.657  9.496  -22.708 0.0000000000
107420  49.205  9.091  -23.365 0.0000000000
107421  49.399  8.636  -23.004 0.0000000000
107422  49.151  7.794  -23.250 0.0000000000
107423  49.105  6.994  -23.469 0.0000000000
114931  53.534  6.804  -13.975 0.0000000000
114937  54.130  3.571  -16.056 0.0000000000
114938  54.372  3.994  -15.196 0.0000000000
114939  54.158  4.165  -15.925 0.0000000000
114940  54.194  4.806  -15.730 0.0000000000
114941  54.155  5.405  -15.568 0.0000000000
114942  53.998  5.914  -15.388 0.0000000000
114943  53.919  5.641  -16.103 0.0000000000
114944  53.676  5.887  -16.695 0.0000000000
114945  53.370  6.318  -17.274 0.0000000000
114946  52.953  6.766  -17.817 0.0000000000
114947  53.133  6.058  -17.950 0.0000000000
114948  52.811  5.819  -18.709 0.0000000000
114949  52.420  5.609  -19.509 0.0000000000
115893  47.906  10.898  -25.236 0.0000000000
122571  49.494  5.306  -17.213 0.0000000000
122572  49.302  5.708  -17.738 0.0000000000
122573  49.579  6.625  -17.453 0.0000000000
122574  49.719  7.975  -17.602 0.0000000000
122575  49.859  9.081  -17.781 0.0000000000
122576  50.490  9.271  -17.254 0.0000000000
122577  50.229  9.683  -17.643 0.0000000000
122578  49.979  10.026  -18.031 0.0000000000
122579  50.041  10.714  -18.362 0.0000000000
122580  50.079  11.145  -18.834 0.0000000000
122581  50.108  11.481  -19.388 0.0000000000
122582  50.108  11.737  -19.994 0.0000000000
122583  50.513  11.382  -19.557 0.0000000000
122584  50.753  11.153  -19.778 0.0000000000
122585  50.946  10.796  -19.983 0.0000000000
122586  51.354  10.348  -18.941 0.0000000000
122587  51.262  10.391  -19.556 0.0000000000
122588  51.101  10.370  -20.197 0.0000000000
122589  51.178  9.779  -20.438 0.0000000000
122590  51.177  9.182  -20.671 0.0000000000
122591  51.024  8.431  -20.922 0.0000000000
128440  53.869  3.237  -16.902 0.0000000000
128441  53.662  3.489  -17.587 0.0000000000
128442  53.489  3.770  -18.261 0.0000000000
128443  53.196  4.047  -18.856 0.0000000000
132277  49.454  2.829  -16.694 0.0000000000
132278  49.454  4.050  -16.955 0.0000000000
132279  49.730  5.058  -16.679 0.0000000000
132280  50.080  6.042  -16.401 0.0000000000
132281  50.457  6.911  -16.154 0.0000000000
132282  50.678  5.631  -15.404 0.0000000000
132283  50.745  6.646  -15.651 0.0000000000
132284  50.874  7.544  -15.986 0.0000000000
132285  51.334  8.030  -15.862 0.0000000000
132286  51.756  8.218  -15.940 0.0000000000
132287  52.124  8.186  -16.034 0.0000000000
148227  49.064  5.960  -18.190 0.0000000000
148228  48.840  6.315  -18.675 0.0000000000
148230  48.967  9.001  -19.070 0.0000000000
148231  48.665  7.915  -19.347 0.0000000000
148233  48.129  7.087  -20.098 0.0000000000
148234  47.865  7.176  -20.549 0.0000000000
148235  47.574  7.567  -20.946 0.0000000000
148239  47.881  11.497  -20.989 0.0000000000
148240  47.503  11.695  -21.466 0.0000000000
148248  48.392  13.393  -22.389 0.0000000000
148249  48.307  13.533  -23.014 0.0000000000
148251  48.352  13.237  -23.849 0.0000000000
148252  48.460  12.735  -24.038 0.0000000000
148253  48.417  12.029  -24.338 0.0000000000
148254  50.026  11.944  -20.594 0.0000000000
148255  49.888  12.034  -21.174 0.0000000000
148256  49.701  12.042  -21.805 0.0000000000
148257  50.157  11.127  -21.695 0.0000000000
148258  49.834  11.564  -22.045 0.0000000000
148259  49.451  11.961  -22.519 0.0000000000
148260  49.131  11.801  -23.225 0.0000000000
148261  48.771  11.562  -23.905 0.0000000000
148262  48.364  11.251  -24.565 0.0000000000
148263  48.260  10.420  -24.755 0.0000000000
148264  48.104  9.544  -25.017 0.0000000000
148265  47.962  8.707  -25.233 0.0000000000
148266  48.724  8.704  -24.077 0.0000000000
148267  48.252  8.309  -24.796 0.0000000000
148268  47.835  7.870  -25.453 0.0000000000
163295  51.923  5.779  -13.629 0.0000000000
163296  52.120  6.450  -14.052 0.0000000000
163297  52.714  6.555  -13.471 0.0000000000
163298  52.507  6.700  -14.011 0.0000000000
163299  52.288  6.995  -14.524 0.0000000000
163300  52.369  7.394  -15.035 0.0000000000
163301  52.415  7.749  -15.573 0.0000000000
163302  52.444  8.056  -16.111 0.0000000000
163315  54.650  4.439  -14.340 0.0000000000
163322  53.822  6.628  -13.928 0.0000000000
163323  53.623  6.899  -14.523 0.0000000000
163324  53.815  6.376  -15.214 0.0000000000
163325  53.626  6.839  -15.146 0.0000000000
163326  53.354  7.063  -15.103 0.0000000000
163327  53.131  7.299  -15.591 0.0000000000
163328  52.799  7.731  -16.059 0.0000000000
163329  52.472  8.305  -16.634 0.0000000000
163330  52.443  8.484  -17.216 0.0000000000
163331  52.390  8.576  -17.816 0.0000000000
163332  52.308  8.571  -18.423 0.0000000000
163333  52.625  7.290  -18.200 0.0000000000
163334  52.335  7.946  -18.594 0.0000000000
163335  52.036  8.468  -19.087 0.0000000000
163336  51.774  8.294  -19.775 0.0000000000
163337  51.467  8.057  -20.478 0.0000000000
163338  50.951  7.731  -21.101 0.0000000000
163345  51.199  6.355  -20.812 0.0000000000
163346  50.821  6.841  -21.268 0.0000000000
163347  50.437  7.345  -21.703 0.0000000000
163348  49.953  6.961  -22.327 0.0000000000
163349  49.477  6.566  -23.073 0.0000000000
163350  49.071  6.247  -23.726 0.0000000000
163351  49.419  5.063  -23.468 0.0000000000
163352  49.065  5.488  -23.871 0.0000000000
163353  48.654  5.887  -24.378 0.0000000000
163354  48.262  5.493  -25.008 0.0000000000
163355  48.011  5.051  -25.795 0.0000000000
163593  48.835  3.215  -25.520 0.0000000000
163595  48.886  2.885  -26.429 0.0000000000
163596  48.479  3.431  -25.966 0.0000000000
163597  48.303  3.703  -26.476 0.0000000000
163598  48.084  3.996  -26.994 0.0000000000
