#!ascii label  , from subject fsaverage vox2ras=TkReg
754
91  58.245  -41.446  -4.968 0.0000000000
357  61.889  -27.513  -11.706 0.0000000000
450  51.598  -33.556  -8.493 0.0000000000
987  50.537  -39.645  -4.726 0.0000000000
989  54.720  -36.952  -6.399 0.0000000000
990  59.154  -34.454  -8.451 0.0000000000
991  61.605  -38.534  -5.756 0.0000000000
1531  54.269  -43.142  -2.618 0.0000000000
1793  53.206  -27.044  -12.267 0.0000000000
1795  58.633  -23.063  -13.877 0.0000000000
2009  56.377  -30.691  -10.321 0.0000000000
2010  64.219  -31.186  -9.422 0.0000000000
2907  54.439  -40.429  -5.005 0.0000000000
2908  52.629  -38.248  -5.519 0.0000000000
2909  56.411  -39.188  -5.697 0.0000000000
2910  58.185  -37.784  -6.061 0.0000000000
2911  60.021  -40.163  -5.467 0.0000000000
3510  50.563  -42.207  -2.467 0.0000000000
3511  52.470  -43.359  -1.126 0.0000000000
3947  57.530  -27.233  -12.504 0.0000000000
3948  55.845  -25.012  -13.188 0.0000000000
3949  60.392  -25.279  -13.034 0.0000000000
3951  64.610  -21.480  -14.004 0.0000000000
4405  52.409  -30.467  -10.499 0.0000000000
4406  53.891  -32.236  -9.388 0.0000000000
4407  62.191  -35.157  -7.705 0.0000000000
4408  61.683  -32.707  -8.965 0.0000000000
4409  64.298  -33.525  -8.588 0.0000000000
6386  50.913  -36.430  -6.415 0.0000000000
6387  53.188  -35.337  -7.761 0.0000000000
6388  55.519  -34.058  -8.885 0.0000000000
6389  56.788  -35.775  -7.531 0.0000000000
6390  60.062  -36.506  -6.821 0.0000000000
7410  52.408  -41.452  -3.922 0.0000000000
7411  56.220  -42.351  -4.044 0.0000000000
8026  62.935  -23.382  -13.329 0.0000000000
8027  61.554  -20.783  -14.037 0.0000000000
8603  50.856  -28.591  -11.299 0.0000000000
8604  54.917  -28.943  -11.636 0.0000000000
8605  59.225  -29.177  -11.334 0.0000000000
8606  57.966  -32.585  -9.663 0.0000000000
8607  60.677  -30.910  -9.925 0.0000000000
8608  63.452  -29.314  -10.384 0.0000000000
10088  57.224  -44.210  -1.788 0.0000000000
10089  59.237  -43.520  -3.085 0.0000000000
10098  61.374  -42.650  -3.954 0.0000000000
10587  56.321  -40.935  -5.068 0.0000000000
10588  55.447  -39.865  -5.445 0.0000000000
10589  57.320  -40.311  -5.404 0.0000000000
10590  58.169  -39.675  -5.658 0.0000000000
10591  59.184  -40.911  -5.256 0.0000000000
11627  59.796  -27.364  -12.307 0.0000000000
11628  59.010  -26.199  -12.796 0.0000000000
11629  61.192  -26.371  -12.409 0.0000000000
12080  50.471  -34.128  -7.994 0.0000000000
12084  50.812  -32.577  -8.755 0.0000000000
12085  51.957  -31.987  -9.267 0.0000000000
12086  52.706  -32.909  -8.940 0.0000000000
12088  63.294  -34.284  -8.057 0.0000000000
12089  64.329  -34.918  -8.074 0.0000000000
14479  49.715  -38.538  -4.887 0.0000000000
14480  53.709  -37.489  -5.873 0.0000000000
14481  51.779  -37.224  -5.939 0.0000000000
14482  52.841  -36.668  -6.453 0.0000000000
14483  52.054  -35.967  -7.067 0.0000000000
14484  53.938  -36.101  -7.100 0.0000000000
14485  55.054  -35.492  -7.753 0.0000000000
14486  55.714  -36.420  -6.978 0.0000000000
14487  59.842  -38.121  -6.012 0.0000000000
14488  59.153  -37.103  -6.413 0.0000000000
14489  60.714  -37.392  -6.203 0.0000000000
14490  61.737  -36.747  -6.573 0.0000000000
16287  52.342  -42.600  -2.601 0.0000000000
16288  51.400  -41.831  -3.180 0.0000000000
16289  53.288  -42.330  -3.343 0.0000000000
16290  54.268  -41.920  -4.017 0.0000000000
16291  55.164  -42.808  -3.397 0.0000000000
17597  51.164  -26.914  -11.878 0.0000000000
17599  52.433  -25.986  -12.322 0.0000000000
17600  57.257  -24.038  -13.579 0.0000000000
17601  55.061  -24.098  -13.302 0.0000000000
17606  63.575  -24.508  -12.799 0.0000000000
17607  64.361  -23.636  -13.144 0.0000000000
17609  63.467  -21.002  -13.859 0.0000000000
18972  54.310  -30.578  -10.437 0.0000000000
18973  53.586  -29.731  -11.079 0.0000000000
18974  55.610  -29.813  -10.994 0.0000000000
18975  57.004  -29.104  -11.547 0.0000000000
18976  57.696  -29.941  -10.875 0.0000000000
18977  57.433  -34.168  -8.741 0.0000000000
18978  56.644  -33.350  -9.295 0.0000000000
18979  58.714  -33.391  -9.128 0.0000000000
18980  62.988  -31.856  -9.084 0.0000000000
18981  61.293  -31.743  -9.443 0.0000000000
18982  62.639  -30.926  -9.593 0.0000000000
18983  62.060  -30.138  -10.128 0.0000000000
18984  63.961  -30.273  -9.868 0.0000000000
22656  58.640  -44.704  -1.150 0.0000000000
22657  58.135  -43.888  -2.483 0.0000000000
22658  59.650  -44.415  -1.806 0.0000000000
22679  63.134  -44.062  -2.479 0.0000000000
22680  61.857  -43.613  -2.912 0.0000000000
22681  62.887  -43.042  -3.385 0.0000000000
22682  62.274  -42.076  -4.304 0.0000000000
22683  63.617  -42.405  -3.905 0.0000000000
23663  52.431  -40.027  -4.902 0.0000000000
23664  51.513  -38.970  -5.166 0.0000000000
23665  53.552  -39.332  -5.303 0.0000000000
23666  54.561  -38.741  -5.591 0.0000000000
23667  55.510  -38.088  -5.868 0.0000000000
23668  56.430  -37.384  -6.210 0.0000000000
23669  57.273  -38.475  -5.890 0.0000000000
23670  59.020  -38.957  -5.823 0.0000000000
23671  60.805  -39.341  -5.649 0.0000000000
24750  51.497  -42.812  -1.852 0.0000000000
24751  53.322  -43.295  -1.892 0.0000000000
25535  55.316  -27.157  -12.539 0.0000000000
25536  54.520  -25.962  -12.740 0.0000000000
25537  56.682  -26.073  -12.924 0.0000000000
25538  58.141  -25.102  -13.309 0.0000000000
25539  59.595  -24.131  -13.566 0.0000000000
25541  64.845  -22.755  -13.713 0.0000000000
25542  64.990  -22.104  -14.668 0.0000000000
26359  50.482  -30.207  -10.406 0.0000000000
26360  51.235  -31.068  -9.860 0.0000000000
26361  53.146  -31.306  -9.864 0.0000000000
26362  55.167  -31.496  -9.835 0.0000000000
26363  60.734  -34.781  -8.042 0.0000000000
26364  60.435  -33.638  -8.741 0.0000000000
26365  61.945  -33.892  -8.385 0.0000000000
26366  63.201  -32.983  -8.631 0.0000000000
26367  64.338  -32.332  -8.954 0.0000000000
26368  65.309  -31.966  -9.613 0.0000000000
26369  65.259  -33.169  -9.216 0.0000000000
29622  63.141  -26.490  -11.839 0.0000000000
30256  50.723  -37.853  -5.393 0.0000000000
30259  50.140  -35.639  -6.922 0.0000000000
30260  51.247  -35.100  -7.570 0.0000000000
30261  52.417  -34.459  -8.224 0.0000000000
30262  53.587  -33.833  -8.761 0.0000000000
30263  54.349  -34.710  -8.362 0.0000000000
30264  56.277  -34.879  -8.307 0.0000000000
30265  57.968  -35.146  -7.990 0.0000000000
30266  57.448  -36.742  -6.664 0.0000000000
30267  58.480  -36.169  -7.159 0.0000000000
30268  59.588  -35.480  -7.637 0.0000000000
30269  61.154  -35.820  -7.274 0.0000000000
32727  50.535  -41.045  -3.778 0.0000000000
32728  51.460  -40.560  -4.418 0.0000000000
32729  53.461  -40.994  -4.513 0.0000000000
32730  55.340  -41.398  -4.640 0.0000000000
32731  57.216  -41.890  -4.551 0.0000000000
34390  53.764  -24.999  -12.820 0.0000000000
34396  62.486  -25.389  -12.527 0.0000000000
34397  61.788  -24.336  -13.193 0.0000000000
34398  61.060  -23.128  -13.705 0.0000000000
34399  63.893  -22.378  -13.492 0.0000000000
34400  62.289  -22.104  -13.704 0.0000000000
34401  60.098  -21.975  -14.041 0.0000000000
36066  50.008  -27.623  -11.406 0.0000000000
36067  52.009  -27.848  -11.804 0.0000000000
36068  51.634  -29.587  -11.009 0.0000000000
36069  52.823  -28.837  -11.552 0.0000000000
36070  54.058  -28.036  -12.074 0.0000000000
36071  56.199  -28.123  -12.140 0.0000000000
36072  58.416  -28.273  -12.021 0.0000000000
36073  60.650  -28.374  -11.585 0.0000000000
36074  54.746  -33.148  -9.180 0.0000000000
36075  55.954  -32.435  -9.602 0.0000000000
36076  57.222  -31.672  -9.977 0.0000000000
36077  60.007  -32.598  -9.384 0.0000000000
36078  59.337  -31.720  -9.880 0.0000000000
36079  58.526  -30.892  -10.223 0.0000000000
36080  59.910  -30.113  -10.550 0.0000000000
36081  61.375  -29.241  -10.816 0.0000000000
36082  62.825  -28.389  -10.952 0.0000000000
40497  54.972  -43.873  -1.543 0.0000000000
40499  56.394  -44.402  -1.061 0.0000000000
40500  55.805  -43.663  -2.240 0.0000000000
40501  56.749  -43.349  -2.993 0.0000000000
40502  57.778  -43.003  -3.649 0.0000000000
40503  58.727  -42.619  -4.134 0.0000000000
40528  60.701  -44.036  -2.409 0.0000000000
40529  60.280  -43.089  -3.557 0.0000000000
40530  59.795  -42.124  -4.521 0.0000000000
40531  60.759  -41.563  -4.784 0.0000000000
40532  61.630  -40.771  -5.039 0.0000000000
41307  57.289  -41.195  -5.029 0.0000000000
41308  56.858  -40.658  -5.268 0.0000000000
41309  57.788  -40.899  -5.197 0.0000000000
41310  58.253  -40.609  -5.340 0.0000000000
41311  58.718  -41.178  -5.115 0.0000000000
42347  60.820  -27.483  -12.001 0.0000000000
42348  60.492  -26.869  -12.392 0.0000000000
42349  61.525  -26.938  -12.070 0.0000000000
42800  51.034  -33.837  -8.246 0.0000000000
42804  51.183  -33.036  -8.611 0.0000000000
42805  51.771  -32.745  -8.838 0.0000000000
42806  52.136  -33.236  -8.714 0.0000000000
42808  63.966  -35.175  -7.730 0.0000000000
45199  50.131  -39.109  -4.820 0.0000000000
45200  54.230  -37.206  -6.116 0.0000000000
45201  53.274  -37.013  -6.150 0.0000000000
45202  53.812  -36.775  -6.465 0.0000000000
45203  53.393  -36.367  -6.766 0.0000000000
45204  54.323  -36.501  -6.773 0.0000000000
45205  54.834  -36.226  -7.076 0.0000000000
45206  55.173  -36.695  -6.704 0.0000000000
45207  60.709  -38.308  -5.900 0.0000000000
45208  60.257  -37.765  -6.075 0.0000000000
45209  61.133  -37.904  -6.014 0.0000000000
45210  61.552  -37.566  -6.138 0.0000000000
45211  61.966  -38.151  -5.903 0.0000000000
47007  53.258  -42.868  -2.622 0.0000000000
47008  52.808  -42.475  -2.981 0.0000000000
47009  53.763  -42.779  -2.978 0.0000000000
47010  54.210  -42.580  -3.346 0.0000000000
47011  54.716  -43.004  -2.999 0.0000000000
48317  52.140  -26.996  -12.029 0.0000000000
48318  51.784  -26.451  -12.120 0.0000000000
48319  52.802  -26.495  -12.280 0.0000000000
48320  57.947  -23.557  -13.756 0.0000000000
48321  56.833  -23.559  -13.695 0.0000000000
48322  57.530  -23.057  -13.871 0.0000000000
48326  64.585  -24.216  -12.954 0.0000000000
48327  64.868  -23.829  -13.257 0.0000000000
49692  55.263  -30.612  -10.353 0.0000000000
49693  54.930  -30.172  -10.739 0.0000000000
49694  55.967  -30.244  -10.644 0.0000000000
49695  56.654  -29.881  -10.937 0.0000000000
49696  57.049  -30.314  -10.591 0.0000000000
49697  58.294  -34.315  -8.588 0.0000000000
49698  58.040  -33.795  -8.940 0.0000000000
49699  58.921  -33.927  -8.779 0.0000000000
49700  63.630  -31.486  -9.178 0.0000000000
49701  62.826  -31.372  -9.305 0.0000000000
49702  63.456  -31.023  -9.435 0.0000000000
49703  63.298  -30.574  -9.727 0.0000000000
49704  64.089  -30.745  -9.592 0.0000000000
49705  64.632  -30.504  -9.826 0.0000000000
49706  64.766  -30.950  -9.682 0.0000000000
53376  59.359  -44.993  -0.856 0.0000000000
53377  59.129  -44.558  -1.480 0.0000000000
53378  59.820  -44.842  -1.178 0.0000000000
53398  63.566  -44.358  -2.411 0.0000000000
53399  63.550  -43.778  -2.791 0.0000000000
53400  63.064  -43.496  -2.924 0.0000000000
53402  63.263  -42.722  -3.636 0.0000000000
54797  53.399  -40.224  -4.951 0.0000000000
54798  52.974  -39.692  -5.121 0.0000000000
54799  53.972  -39.883  -5.213 0.0000000000
54800  55.924  -39.534  -5.585 0.0000000000
54801  55.024  -39.325  -5.544 0.0000000000
54802  55.491  -39.011  -5.660 0.0000000000
54803  55.059  -38.423  -5.726 0.0000000000
54804  55.958  -38.654  -5.765 0.0000000000
54805  56.401  -38.297  -5.875 0.0000000000
54806  56.868  -38.848  -5.789 0.0000000000
54807  59.110  -39.933  -5.587 0.0000000000
54808  58.605  -39.313  -5.745 0.0000000000
54809  59.519  -39.548  -5.681 0.0000000000
54810  59.926  -39.153  -5.759 0.0000000000
54811  60.446  -39.780  -5.577 0.0000000000
56609  51.984  -43.090  -1.503 0.0000000000
56610  52.412  -43.037  -1.903 0.0000000000
56611  52.887  -43.342  -1.512 0.0000000000
57917  56.422  -27.200  -12.549 0.0000000000
57918  55.967  -26.611  -12.734 0.0000000000
57919  57.098  -26.655  -12.753 0.0000000000
57920  59.709  -25.719  -12.916 0.0000000000
57921  58.551  -25.641  -13.076 0.0000000000
57922  59.288  -25.129  -13.223 0.0000000000
57923  58.924  -24.611  -13.455 0.0000000000
57924  60.035  -24.656  -13.325 0.0000000000
59290  50.289  -30.926  -9.808 0.0000000000
59291  50.697  -31.385  -9.517 0.0000000000
59292  52.911  -32.118  -9.306 0.0000000000
59293  52.531  -31.663  -9.551 0.0000000000
59294  53.505  -31.764  -9.545 0.0000000000
59295  54.122  -31.370  -9.807 0.0000000000
59296  54.532  -31.880  -9.601 0.0000000000
59297  61.445  -34.987  -7.889 0.0000000000
59298  61.332  -34.355  -8.226 0.0000000000
59299  62.005  -34.551  -8.097 0.0000000000
59300  63.744  -33.921  -8.292 0.0000000000
59301  63.187  -33.679  -8.402 0.0000000000
59302  63.774  -33.229  -8.572 0.0000000000
59303  63.780  -32.627  -8.772 0.0000000000
59304  64.348  -32.863  -8.774 0.0000000000
59305  64.865  -32.719  -9.054 0.0000000000
59306  64.805  -33.282  -8.890 0.0000000000
66475  52.080  -38.618  -5.355 0.0000000000
66476  51.130  -38.400  -5.261 0.0000000000
66477  51.654  -38.076  -5.481 0.0000000000
66478  51.296  -36.824  -6.134 0.0000000000
66479  50.773  -37.099  -5.837 0.0000000000
66480  50.372  -36.704  -6.069 0.0000000000
66482  49.986  -36.301  -6.315 0.0000000000
66484  50.531  -36.058  -6.660 0.0000000000
66485  52.628  -35.671  -7.416 0.0000000000
66486  51.701  -35.543  -7.341 0.0000000000
66487  52.248  -35.216  -7.692 0.0000000000
66488  51.781  -34.798  -7.916 0.0000000000
66489  52.813  -34.897  -8.017 0.0000000000
66490  53.379  -34.605  -8.292 0.0000000000
66491  53.756  -35.019  -8.065 0.0000000000
66492  55.955  -35.623  -7.677 0.0000000000
66493  55.671  -35.193  -8.042 0.0000000000
66494  56.553  -35.308  -7.943 0.0000000000
66495  57.174  -34.993  -8.182 0.0000000000
66496  57.373  -35.471  -7.787 0.0000000000
66497  57.304  -37.581  -6.136 0.0000000000
66498  56.893  -37.053  -6.430 0.0000000000
66499  57.815  -37.251  -6.309 0.0000000000
66500  59.609  -36.798  -6.611 0.0000000000
66501  58.800  -36.620  -6.742 0.0000000000
66502  59.286  -36.305  -6.974 0.0000000000
66503  59.009  -35.828  -7.388 0.0000000000
66504  59.806  -35.993  -7.204 0.0000000000
66505  60.361  -35.682  -7.435 0.0000000000
66506  60.610  -36.152  -7.046 0.0000000000
66507  62.445  -36.920  -6.409 0.0000000000
66508  62.167  -36.428  -6.754 0.0000000000
71900  51.921  -41.642  -3.585 0.0000000000
71901  50.994  -41.421  -3.510 0.0000000000
71902  51.454  -41.233  -3.861 0.0000000000
71903  50.987  -40.814  -4.120 0.0000000000
71904  51.942  -41.010  -4.152 0.0000000000
71905  52.456  -40.782  -4.426 0.0000000000
71906  52.916  -41.237  -4.230 0.0000000000
71907  55.213  -42.147  -4.061 0.0000000000
71908  54.794  -41.684  -4.341 0.0000000000
71909  55.753  -41.880  -4.370 0.0000000000
71910  56.258  -41.629  -4.625 0.0000000000
71911  56.732  -42.138  -4.308 0.0000000000
75835  55.186  -25.443  -12.988 0.0000000000
75836  54.061  -25.477  -12.755 0.0000000000
75837  54.750  -25.013  -13.024 0.0000000000
75839  54.090  -24.111  -13.180 0.0000000000
75850  63.654  -26.014  -11.996 0.0000000000
75851  62.802  -25.915  -12.174 0.0000000000
75852  63.312  -25.478  -12.304 0.0000000000
75853  63.256  -23.990  -13.103 0.0000000000
75854  62.700  -24.433  -12.983 0.0000000000
75855  62.372  -23.867  -13.286 0.0000000000
75856  61.420  -23.761  -13.525 0.0000000000
75857  62.064  -23.251  -13.514 0.0000000000
75858  64.712  -22.106  -13.883 0.0000000000
75859  64.448  -22.524  -13.545 0.0000000000
75860  64.309  -21.893  -13.725 0.0000000000
75861  62.568  -20.889  -13.943 0.0000000000
75862  62.924  -21.563  -13.755 0.0000000000
75863  61.906  -21.433  -13.879 0.0000000000
75864  61.236  -22.017  -13.880 0.0000000000
75865  60.823  -21.389  -14.031 0.0000000000
79947  49.927  -28.456  -11.104 0.0000000000
79949  50.422  -28.130  -11.353 0.0000000000
79950  50.993  -27.755  -11.594 0.0000000000
79951  51.423  -28.226  -11.556 0.0000000000
79952  51.434  -30.367  -10.494 0.0000000000
79953  51.036  -29.931  -10.715 0.0000000000
79954  52.023  -30.052  -10.792 0.0000000000
79955  54.245  -29.343  -11.362 0.0000000000
79956  53.205  -29.309  -11.343 0.0000000000
79957  53.858  -28.896  -11.613 0.0000000000
79958  53.441  -28.427  -11.812 0.0000000000
79959  54.516  -28.474  -11.880 0.0000000000
79960  55.191  -28.037  -12.153 0.0000000000
79961  55.476  -28.557  -11.893 0.0000000000
79962  58.130  -29.157  -11.509 0.0000000000
79963  57.729  -28.700  -11.824 0.0000000000
79964  58.844  -28.772  -11.700 0.0000000000
79965  59.504  -28.355  -11.851 0.0000000000
79966  59.963  -28.795  -11.508 0.0000000000
79967  54.540  -33.953  -8.833 0.0000000000
79968  54.160  -33.498  -8.976 0.0000000000
79969  55.097  -33.609  -9.059 0.0000000000
79970  57.332  -32.964  -9.516 0.0000000000
79971  56.295  -32.915  -9.469 0.0000000000
79972  56.926  -32.537  -9.669 0.0000000000
79973  56.589  -32.060  -9.806 0.0000000000
79974  57.608  -32.123  -9.862 0.0000000000
79975  61.062  -33.217  -8.876 0.0000000000
79976  60.266  -33.070  -9.080 0.0000000000
79977  60.906  -32.642  -9.160 0.0000000000
79978  60.998  -31.325  -9.681 0.0000000000
79979  60.317  -31.745  -9.654 0.0000000000
79980  60.009  -31.321  -9.892 0.0000000000
79981  58.929  -31.348  -10.040 0.0000000000
79982  59.591  -30.929  -10.112 0.0000000000
79983  59.197  -30.502  -10.382 0.0000000000
79984  60.278  -30.529  -10.201 0.0000000000
79985  62.780  -29.691  -10.215 0.0000000000
79986  61.788  -29.668  -10.427 0.0000000000
79987  62.493  -29.276  -10.554 0.0000000000
79988  62.134  -28.813  -10.883 0.0000000000
79989  63.164  -28.869  -10.679 0.0000000000
79997  65.670  -32.505  -9.801 0.0000000000
90997  54.527  -43.962  -1.116 0.0000000000
90998  55.314  -44.193  -0.942 0.0000000000
91002  57.470  -44.605  -1.136 0.0000000000
91003  57.092  -44.690  -0.763 0.0000000000
91004  56.803  -44.323  -1.441 0.0000000000
91005  56.124  -44.049  -1.674 0.0000000000
91006  56.544  -43.922  -2.059 0.0000000000
91007  56.273  -43.526  -2.634 0.0000000000
91008  56.977  -43.768  -2.443 0.0000000000
91009  58.715  -43.708  -2.804 0.0000000000
91010  57.968  -43.446  -3.080 0.0000000000
91011  58.482  -43.262  -3.396 0.0000000000
91012  58.248  -42.809  -3.892 0.0000000000
91013  58.959  -43.106  -3.669 0.0000000000
91075  60.921  -44.524  -1.793 0.0000000000
91077  61.590  -43.103  -3.454 0.0000000000
91078  61.121  -43.369  -3.248 0.0000000000
91079  60.827  -42.875  -3.762 0.0000000000
91080  60.080  -42.652  -4.112 0.0000000000
91081  60.634  -42.418  -4.283 0.0000000000
91082  60.287  -41.862  -4.655 0.0000000000
91083  61.109  -42.126  -4.395 0.0000000000
91084  62.733  -41.639  -4.484 0.0000000000
91085  61.967  -41.457  -4.713 0.0000000000
92783  55.386  -40.665  -5.048 0.0000000000
92784  54.948  -40.114  -5.253 0.0000000000
92785  55.888  -40.391  -5.272 0.0000000000
92786  56.379  -40.080  -5.448 0.0000000000
92787  56.846  -39.731  -5.581 0.0000000000
92788  57.290  -39.424  -5.695 0.0000000000
92789  57.753  -39.999  -5.540 0.0000000000
92790  58.701  -40.307  -5.481 0.0000000000
92791  59.614  -40.564  -5.366 0.0000000000
94655  58.638  -27.336  -12.429 0.0000000000
94656  58.282  -26.730  -12.672 0.0000000000
94657  59.381  -26.819  -12.563 0.0000000000
94658  60.130  -26.281  -12.651 0.0000000000
94659  60.837  -25.788  -12.711 0.0000000000
95479  51.050  -31.829  -9.233 0.0000000000
95480  51.405  -32.288  -9.015 0.0000000000
95481  52.328  -32.442  -9.073 0.0000000000
95482  53.257  -32.595  -9.170 0.0000000000
95484  62.753  -34.721  -7.869 0.0000000000
95485  63.392  -34.935  -7.789 0.0000000000
95486  63.812  -34.565  -8.036 0.0000000000
95487  64.216  -34.269  -8.363 0.0000000000
95488  64.605  -34.043  -8.724 0.0000000000
95489  64.586  -34.687  -8.505 0.0000000000
99789  49.295  -38.035  -4.947 0.0000000000
99790  53.177  -37.864  -5.674 0.0000000000
99791  52.189  -37.730  -5.711 0.0000000000
99792  52.734  -37.370  -5.933 0.0000000000
99793  52.296  -36.951  -6.187 0.0000000000
99794  51.859  -36.513  -6.420 0.0000000000
99795  51.461  -36.197  -6.719 0.0000000000
99796  52.410  -36.257  -6.760 0.0000000000
99797  52.971  -36.016  -7.122 0.0000000000
99798  53.516  -35.741  -7.459 0.0000000000
99799  54.093  -35.436  -7.771 0.0000000000
99800  54.482  -35.802  -7.433 0.0000000000
99801  55.388  -35.940  -7.390 0.0000000000
99802  56.243  -36.108  -7.256 0.0000000000
99803  59.006  -37.962  -6.031 0.0000000000
99804  58.688  -37.422  -6.230 0.0000000000
99805  59.465  -37.587  -6.155 0.0000000000
99806  59.941  -37.243  -6.294 0.0000000000
99807  60.405  -36.932  -6.500 0.0000000000
99808  60.900  -36.613  -6.715 0.0000000000
99809  61.201  -37.036  -6.372 0.0000000000
99810  62.001  -37.236  -6.258 0.0000000000
103043  51.437  -42.369  -2.529 0.0000000000
103044  50.963  -42.028  -2.819 0.0000000000
103045  51.887  -42.224  -2.909 0.0000000000
103046  52.363  -42.057  -3.303 0.0000000000
103047  52.857  -41.874  -3.669 0.0000000000
103048  53.357  -41.678  -4.000 0.0000000000
103049  53.774  -42.117  -3.688 0.0000000000
103050  54.693  -42.365  -3.710 0.0000000000
103051  55.688  -42.561  -3.749 0.0000000000
105406  56.517  -24.519  -13.394 0.0000000000
105407  55.418  -24.543  -13.259 0.0000000000
105408  56.139  -24.056  -13.478 0.0000000000
105417  64.233  -24.612  -12.681 0.0000000000
105418  64.008  -24.082  -12.939 0.0000000000
105419  63.727  -23.504  -13.189 0.0000000000
105420  64.480  -20.688  -14.115 0.0000000000
105421  64.201  -21.135  -13.847 0.0000000000
105422  63.888  -20.485  -14.031 0.0000000000
105423  63.113  -20.339  -14.036 0.0000000000
107875  50.300  -28.906  -11.037 0.0000000000
107876  53.369  -30.502  -10.493 0.0000000000
107877  53.001  -30.085  -10.795 0.0000000000
107878  53.966  -30.127  -10.794 0.0000000000
107879  54.595  -29.766  -11.072 0.0000000000
107880  55.264  -29.397  -11.345 0.0000000000
107881  55.929  -29.010  -11.607 0.0000000000
107882  56.291  -29.463  -11.272 0.0000000000
107883  57.367  -29.511  -11.247 0.0000000000
107884  58.450  -29.565  -11.118 0.0000000000
107885  56.513  -34.120  -8.852 0.0000000000
107886  56.049  -33.721  -9.083 0.0000000000
107887  57.082  -33.777  -9.048 0.0000000000
107888  57.680  -33.410  -9.231 0.0000000000
107889  58.347  -32.994  -9.412 0.0000000000
107890  62.339  -32.265  -9.027 0.0000000000
107891  61.561  -32.214  -9.211 0.0000000000
107892  62.200  -31.766  -9.224 0.0000000000
107893  61.980  -31.326  -9.469 0.0000000000
107894  61.684  -30.897  -9.748 0.0000000000
107895  61.352  -30.523  -9.996 0.0000000000
107896  62.330  -30.539  -9.845 0.0000000000
107897  63.000  -30.171  -9.962 0.0000000000
107898  63.669  -29.796  -10.127 0.0000000000
107900  64.502  -30.024  -10.101 0.0000000000
114508  57.925  -44.463  -1.471 0.0000000000
114509  57.666  -44.066  -2.133 0.0000000000
114510  58.393  -44.307  -1.812 0.0000000000
114511  58.912  -44.147  -2.158 0.0000000000
114512  59.497  -43.997  -2.479 0.0000000000
114548  63.156  -44.595  -2.066 0.0000000000
114549  62.628  -44.318  -2.170 0.0000000000
114550  62.001  -44.098  -2.354 0.0000000000
114551  62.564  -43.809  -2.635 0.0000000000
114552  62.390  -43.313  -3.154 0.0000000000
114553  62.116  -42.883  -3.659 0.0000000000
114554  61.877  -42.421  -4.127 0.0000000000
114555  62.591  -42.604  -3.874 0.0000000000
114556  62.999  -42.224  -4.116 0.0000000000
114557  63.381  -41.869  -4.324 0.0000000000
116651  51.483  -39.802  -4.875 0.0000000000
116652  51.018  -39.332  -4.976 0.0000000000
116653  51.983  -39.478  -5.070 0.0000000000
116654  52.515  -39.163  -5.226 0.0000000000
116655  53.087  -38.837  -5.375 0.0000000000
116656  54.511  -39.591  -5.405 0.0000000000
116657  54.055  -39.039  -5.451 0.0000000000
116658  53.652  -38.457  -5.554 0.0000000000
116659  54.152  -38.108  -5.697 0.0000000000
116660  54.630  -37.776  -5.866 0.0000000000
116661  55.084  -37.477  -6.069 0.0000000000
116662  55.581  -37.176  -6.309 0.0000000000
116663  55.957  -37.731  -6.027 0.0000000000
116664  56.826  -37.929  -6.001 0.0000000000
116665  57.719  -38.127  -5.968 0.0000000000
116666  57.710  -39.067  -5.785 0.0000000000
116667  58.128  -38.705  -5.860 0.0000000000
116668  58.564  -38.355  -5.920 0.0000000000
116669  59.430  -38.554  -5.913 0.0000000000
116670  60.290  -38.729  -5.810 0.0000000000
116671  61.181  -38.919  -5.706 0.0000000000
119188  51.017  -42.515  -2.164 0.0000000000
119189  51.923  -42.705  -2.229 0.0000000000
119190  52.817  -42.957  -2.265 0.0000000000
119191  53.795  -43.217  -2.265 0.0000000000
121019  54.227  -27.092  -12.430 0.0000000000
121020  53.850  -26.512  -12.491 0.0000000000
121021  54.883  -26.563  -12.657 0.0000000000
121022  55.604  -26.019  -12.879 0.0000000000
121023  56.339  -25.514  -13.073 0.0000000000
121024  57.793  -26.111  -12.916 0.0000000000
121025  57.446  -25.568  -13.122 0.0000000000
121026  57.017  -25.048  -13.262 0.0000000000
121027  57.669  -24.568  -13.448 0.0000000000
121028  58.434  -24.067  -13.608 0.0000000000
121029  59.138  -23.572  -13.715 0.0000000000
121033  64.963  -22.421  -14.145 0.0000000000
121034  64.902  -21.716  -14.341 0.0000000000
121036  64.989  -21.391  -14.769 0.0000000000
121037  64.796  -21.041  -14.360 0.0000000000
122942  49.907  -30.473  -10.063 0.0000000000
122943  50.869  -30.646  -10.151 0.0000000000
122944  51.824  -30.794  -10.185 0.0000000000
122945  51.575  -31.530  -9.544 0.0000000000
122946  52.156  -31.202  -9.865 0.0000000000
122947  52.761  -30.867  -10.182 0.0000000000
122948  53.737  -30.967  -10.144 0.0000000000
122949  54.716  -30.989  -10.085 0.0000000000
122950  55.729  -31.080  -10.072 0.0000000000
122951  59.987  -34.536  -8.223 0.0000000000
122952  59.797  -34.050  -8.599 0.0000000000
122953  60.658  -34.104  -8.415 0.0000000000
122954  61.265  -33.709  -8.579 0.0000000000
122955  61.820  -33.278  -8.679 0.0000000000
122956  62.608  -34.145  -8.248 0.0000000000
122957  62.554  -33.404  -8.512 0.0000000000
122958  62.421  -32.830  -8.770 0.0000000000
122959  63.065  -32.418  -8.864 0.0000000000
122960  63.726  -32.055  -8.970 0.0000000000
122961  64.328  -31.756  -9.184 0.0000000000
122962  64.842  -31.521  -9.480 0.0000000000
122963  64.882  -32.134  -9.241 0.0000000000
122964  65.317  -32.604  -9.401 0.0000000000
122965  65.573  -33.116  -9.644 0.0000000000
122966  65.015  -33.876  -9.056 0.0000000000
130865  62.984  -27.507  -11.377 0.0000000000
130866  62.601  -27.020  -11.712 0.0000000000
130867  63.504  -27.045  -11.485 0.0000000000
132586  50.627  -38.759  -5.061 0.0000000000
132587  50.214  -38.191  -5.135 0.0000000000
132588  49.796  -37.699  -5.238 0.0000000000
132589  51.219  -37.525  -5.657 0.0000000000
132590  50.268  -37.384  -5.536 0.0000000000
132598  51.111  -35.804  -7.004 0.0000000000
132599  50.706  -35.375  -7.249 0.0000000000
132600  50.327  -34.925  -7.488 0.0000000000
132601  50.910  -34.625  -7.808 0.0000000000
132602  51.420  -34.309  -8.092 0.0000000000
132603  52.017  -34.011  -8.355 0.0000000000
132604  52.596  -33.700  -8.621 0.0000000000
132605  53.015  -34.143  -8.494 0.0000000000
132606  53.982  -34.281  -8.584 0.0000000000
132607  54.951  -34.393  -8.637 0.0000000000
132608  54.705  -35.120  -8.075 0.0000000000
132609  55.330  -34.799  -8.372 0.0000000000
132610  55.936  -34.462  -8.634 0.0000000000
132611  56.865  -34.542  -8.545 0.0000000000
132612  57.704  -34.668  -8.388 0.0000000000
132613  58.564  -34.807  -8.199 0.0000000000
132614  56.051  -36.880  -6.563 0.0000000000
132615  56.560  -36.574  -6.822 0.0000000000
132616  57.097  -36.263  -7.076 0.0000000000
132617  58.339  -36.931  -6.512 0.0000000000
132618  57.976  -36.453  -6.906 0.0000000000
132619  57.636  -35.980  -7.351 0.0000000000
132620  58.207  -35.665  -7.599 0.0000000000
132621  58.804  -35.311  -7.801 0.0000000000
132622  59.365  -34.942  -8.020 0.0000000000
132623  60.175  -35.136  -7.869 0.0000000000
132624  60.901  -35.361  -7.670 0.0000000000
132625  61.686  -35.500  -7.499 0.0000000000
132626  61.400  -36.292  -6.930 0.0000000000
132627  61.899  -35.977  -7.134 0.0000000000
139397  50.559  -41.618  -3.139 0.0000000000
139398  50.079  -41.253  -3.403 0.0000000000
139401  50.519  -40.385  -4.284 0.0000000000
139402  51.016  -40.137  -4.595 0.0000000000
139403  51.932  -40.310  -4.671 0.0000000000
139404  52.969  -40.527  -4.696 0.0000000000
139405  53.952  -40.723  -4.760 0.0000000000
139406  53.866  -41.466  -4.292 0.0000000000
139407  54.399  -41.209  -4.567 0.0000000000
139408  54.923  -40.936  -4.822 0.0000000000
139409  55.828  -41.170  -4.862 0.0000000000
139410  56.762  -41.405  -4.835 0.0000000000
139411  57.740  -41.676  -4.782 0.0000000000
144208  53.408  -25.988  -12.499 0.0000000000
144209  53.119  -25.450  -12.559 0.0000000000
144211  54.402  -24.543  -13.051 0.0000000000
144212  53.432  -24.554  -12.903 0.0000000000
144226  62.199  -26.413  -12.110 0.0000000000
144227  61.876  -25.874  -12.453 0.0000000000
144228  61.440  -25.304  -12.777 0.0000000000
144229  63.005  -24.925  -12.651 0.0000000000
144230  62.081  -24.846  -12.875 0.0000000000
144231  61.116  -24.751  -13.103 0.0000000000
144232  60.734  -24.227  -13.421 0.0000000000
144233  60.386  -23.611  -13.673 0.0000000000
144234  59.847  -23.075  -13.814 0.0000000000
144235  64.644  -23.177  -13.399 0.0000000000
144236  64.108  -23.001  -13.347 0.0000000000
144237  63.425  -22.892  -13.385 0.0000000000
144238  63.696  -21.704  -13.698 0.0000000000
144239  63.178  -22.233  -13.598 0.0000000000
144240  62.650  -22.743  -13.546 0.0000000000
144241  61.640  -22.625  -13.699 0.0000000000
144242  60.543  -22.550  -13.873 0.0000000000
144243  59.363  -22.538  -14.005 0.0000000000
149177  50.603  -27.284  -11.643 0.0000000000
149178  51.565  -27.390  -11.817 0.0000000000
149179  52.622  -27.468  -12.066 0.0000000000
149180  50.073  -29.737  -10.567 0.0000000000
149181  50.646  -29.436  -10.896 0.0000000000
149182  51.220  -29.087  -11.182 0.0000000000
149183  52.627  -29.700  -11.066 0.0000000000
149184  52.218  -29.221  -11.287 0.0000000000
149185  51.834  -28.712  -11.456 0.0000000000
149186  52.423  -28.330  -11.722 0.0000000000
149187  53.024  -27.937  -11.971 0.0000000000
149188  53.621  -27.521  -12.208 0.0000000000
149189  54.665  -27.622  -12.314 0.0000000000
149190  55.795  -27.651  -12.357 0.0000000000
149191  56.887  -27.695  -12.345 0.0000000000
149192  56.607  -28.613  -11.851 0.0000000000
149193  57.309  -28.202  -12.088 0.0000000000
149194  57.981  -27.768  -12.289 0.0000000000
149195  59.096  -27.836  -12.178 0.0000000000
149196  60.191  -27.911  -11.944 0.0000000000
149197  61.292  -27.928  -11.658 0.0000000000
149198  53.156  -33.374  -8.867 0.0000000000
149199  53.743  -33.042  -9.073 0.0000000000
149200  54.316  -32.680  -9.287 0.0000000000
149201  55.674  -33.271  -9.259 0.0000000000
149202  55.338  -32.779  -9.382 0.0000000000
149203  54.917  -32.325  -9.493 0.0000000000
149204  55.561  -31.978  -9.670 0.0000000000
149205  56.159  -31.590  -9.882 0.0000000000
149206  56.818  -31.181  -10.085 0.0000000000
149207  59.610  -33.499  -8.972 0.0000000000
149208  59.424  -32.971  -9.291 0.0000000000
149209  59.015  -32.579  -9.558 0.0000000000
149210  60.642  -32.174  -9.425 0.0000000000
149211  59.674  -32.165  -9.659 0.0000000000
149212  58.640  -32.146  -9.795 0.0000000000
149213  58.280  -31.748  -9.965 0.0000000000
149214  57.879  -31.276  -10.088 0.0000000000
149215  57.494  -30.784  -10.278 0.0000000000
149216  58.133  -30.390  -10.506 0.0000000000
149217  58.867  -30.020  -10.735 0.0000000000
149218  59.614  -29.654  -10.956 0.0000000000
149219  61.032  -30.096  -10.314 0.0000000000
149220  60.627  -29.674  -10.707 0.0000000000
149221  60.311  -29.244  -11.107 0.0000000000
149222  61.058  -28.809  -11.190 0.0000000000
149223  61.755  -28.371  -11.256 0.0000000000
149224  62.423  -27.913  -11.310 0.0000000000
149225  63.384  -27.950  -11.046 0.0000000000
162444  53.234  -43.635  -0.934 0.0000000000
162445  53.662  -43.638  -1.304 0.0000000000
162446  54.128  -43.610  -1.690 0.0000000000
162447  54.610  -43.529  -2.088 0.0000000000
162452  56.720  -44.734  -0.401 0.0000000000
162453  56.022  -44.456  -0.696 0.0000000000
162454  55.725  -44.144  -1.304 0.0000000000
162455  55.390  -43.770  -1.912 0.0000000000
162456  55.088  -43.373  -2.471 0.0000000000
162457  55.538  -43.227  -2.843 0.0000000000
162458  56.013  -43.051  -3.220 0.0000000000
162459  56.508  -42.847  -3.592 0.0000000000
162460  57.462  -43.626  -2.753 0.0000000000
162461  57.265  -43.172  -3.332 0.0000000000
162462  57.013  -42.671  -3.871 0.0000000000
162463  57.512  -42.479  -4.137 0.0000000000
162464  58.013  -42.280  -4.388 0.0000000000
162465  58.530  -42.063  -4.631 0.0000000000
162538  60.379  -44.701  -1.497 0.0000000000
162539  60.209  -44.255  -2.128 0.0000000000
162540  59.982  -43.760  -2.762 0.0000000000
162541  61.293  -43.855  -2.664 0.0000000000
162542  60.516  -43.556  -3.014 0.0000000000
162543  59.762  -43.312  -3.336 0.0000000000
162544  59.512  -42.880  -3.910 0.0000000000
162545  59.259  -42.399  -4.381 0.0000000000
162546  59.029  -41.815  -4.796 0.0000000000
162547  59.501  -41.542  -4.930 0.0000000000
162548  60.005  -41.235  -5.054 0.0000000000
162549  60.425  -40.872  -5.180 0.0000000000
162550  61.544  -41.803  -4.561 0.0000000000
162551  61.216  -41.172  -4.929 0.0000000000
162552  60.834  -40.472  -5.292 0.0000000000
162553  61.230  -40.041  -5.398 0.0000000000
162554  61.635  -39.591  -5.502 0.0000000000
162555  62.023  -39.206  -5.558 0.0000000000
162557  63.954  -42.111  -4.209 0.0000000000
162558  63.753  -41.500  -4.516 0.0000000000
162563  62.734  -39.467  -5.360 0.0000000000
162564  62.384  -38.818  -5.629 0.0000000000
