#!ascii label  , from subject fsaverage vox2ras=TkReg
600
125  -41.227  -25.799  1.674 0.0000000000
271  -36.250  -28.210  9.224 0.0000000000
534  -51.685  -14.526  2.526 0.0000000000
535  -45.891  -20.496  -4.601 0.0000000000
1174  -46.199  -19.650  2.537 0.0000000000
1175  -48.548  -16.974  -0.628 0.0000000000
1641  -38.373  -26.720  5.365 0.0000000000
2244  -49.984  -12.342  -3.235 0.0000000000
3092  -42.148  -23.609  3.673 0.0000000000
3093  -44.956  -20.705  4.286 0.0000000000
3094  -43.750  -22.893  1.969 0.0000000000
3095  -45.276  -21.973  0.324 0.0000000000
3096  -42.771  -24.875  -0.112 0.0000000000
3695  -39.987  -25.248  7.282 0.0000000000
3696  -37.265  -27.372  7.266 0.0000000000
4966  -52.700  -12.275  0.670 0.0000000000
4967  -47.542  -18.956  -2.607 0.0000000000
4968  -49.329  -14.858  -1.969 0.0000000000
4969  -48.313  -16.916  -3.925 0.0000000000
4970  -48.792  -14.553  -5.196 0.0000000000
4971  -46.544  -18.463  -5.883 0.0000000000
5961  -35.233  -29.236  10.952 0.0000000000
6722  -48.672  -16.673  2.915 0.0000000000
6723  -49.706  -15.109  1.221 0.0000000000
6724  -47.538  -18.488  0.889 0.0000000000
6725  -46.581  -20.685  -1.159 0.0000000000
7670  -40.898  -24.298  5.406 0.0000000000
7671  -39.718  -26.289  3.457 0.0000000000
9290  -50.626  -13.043  -0.328 0.0000000000
9291  -51.394  -10.423  -1.573 0.0000000000
9292  -52.319  -7.771  -2.975 0.0000000000
9293  -50.604  -9.884  -4.640 0.0000000000
9294  -49.206  -12.221  -6.535 0.0000000000
9297  -31.829  -29.490  12.131 0.0000000000
9301  -33.947  -28.637  7.672 0.0000000000
9302  -35.140  -28.231  5.646 0.0000000000
10772  -41.696  -24.756  2.635 0.0000000000
10773  -42.903  -23.283  2.780 0.0000000000
10774  -42.554  -24.418  1.791 0.0000000000
10775  -43.323  -24.017  0.940 0.0000000000
10776  -41.968  -25.418  0.830 0.0000000000
11374  -37.663  -27.247  9.134 0.0000000000
11375  -38.098  -26.740  8.227 0.0000000000
11376  -36.731  -27.788  8.286 0.0000000000
12644  -53.316  -13.501  1.920 0.0000000000
12645  -53.811  -12.312  1.015 0.0000000000
12646  -52.212  -13.497  1.606 0.0000000000
12647  -46.754  -19.884  -3.620 0.0000000000
12648  -47.936  -17.989  -3.312 0.0000000000
12649  -47.143  -18.839  -4.289 0.0000000000
12650  -47.462  -17.795  -4.898 0.0000000000
12651  -46.215  -19.537  -5.251 0.0000000000
15040  -45.559  -20.167  3.392 0.0000000000
15042  -46.782  -18.689  3.658 0.0000000000
15044  -47.377  -18.068  2.746 0.0000000000
15045  -48.008  -17.414  1.948 0.0000000000
15046  -46.897  -19.074  1.742 0.0000000000
15047  -44.714  -23.015  -0.706 0.0000000000
15048  -45.979  -21.341  -0.409 0.0000000000
15049  -45.316  -22.353  -1.488 0.0000000000
15050  -45.857  -21.565  -2.209 0.0000000000
16847  -39.008  -25.855  6.258 0.0000000000
16848  -40.459  -24.725  6.366 0.0000000000
16849  -39.540  -25.517  5.309 0.0000000000
16850  -40.168  -25.238  4.359 0.0000000000
16851  -39.012  -26.482  4.391 0.0000000000
20662  -48.967  -15.917  0.338 0.0000000000
20663  -50.179  -14.144  0.433 0.0000000000
20664  -49.421  -14.966  -0.374 0.0000000000
20665  -49.649  -13.703  -2.619 0.0000000000
20666  -50.230  -12.621  -1.694 0.0000000000
20667  -50.560  -11.378  -2.334 0.0000000000
20668  -51.825  -9.145  -2.209 0.0000000000
20669  -50.887  -10.089  -2.992 0.0000000000
20670  -51.320  -8.754  -3.723 0.0000000000
20671  -50.282  -11.181  -3.896 0.0000000000
20672  -47.951  -15.522  -6.151 0.0000000000
20673  -49.015  -13.391  -5.857 0.0000000000
20674  -48.151  -14.342  -6.775 0.0000000000
20683  -32.275  -29.290  10.951 0.0000000000
20692  -32.957  -28.092  7.211 0.0000000000
20693  -34.499  -28.424  6.666 0.0000000000
20694  -33.476  -27.952  6.121 0.0000000000
23998  -42.944  -22.647  4.836 0.0000000000
24000  -43.557  -22.165  3.953 0.0000000000
24001  -44.245  -21.711  3.094 0.0000000000
24002  -44.992  -21.324  2.249 0.0000000000
24003  -45.780  -20.826  1.460 0.0000000000
24004  -44.490  -22.540  1.113 0.0000000000
24005  -44.090  -23.513  0.099 0.0000000000
25083  -41.146  -24.983  8.305 0.0000000000
25084  -39.559  -25.803  8.237 0.0000000000
25085  -38.574  -26.266  7.226 0.0000000000
25086  -37.823  -27.011  6.312 0.0000000000
27372  -53.180  -10.950  -0.137 0.0000000000
27373  -48.143  -17.976  -1.629 0.0000000000
27374  -48.971  -15.963  -1.346 0.0000000000
27375  -48.551  -17.002  -2.283 0.0000000000
27376  -48.928  -15.894  -2.922 0.0000000000
27377  -49.187  -14.832  -3.588 0.0000000000
27378  -49.454  -13.517  -4.205 0.0000000000
27379  -48.566  -15.802  -4.587 0.0000000000
27380  -47.710  -16.695  -5.566 0.0000000000
27381  -46.837  -17.394  -6.482 0.0000000000
29271  -35.852  -28.665  10.082 0.0000000000
31045  -49.781  -16.363  3.756 0.0000000000
31046  -50.200  -15.499  2.853 0.0000000000
31047  -50.625  -14.553  1.994 0.0000000000
31048  -49.210  -15.896  2.057 0.0000000000
31049  -48.537  -16.718  1.113 0.0000000000
31050  -48.045  -17.728  0.139 0.0000000000
31051  -46.455  -20.270  0.664 0.0000000000
31052  -47.060  -19.644  -0.128 0.0000000000
31053  -47.628  -18.886  -0.888 0.0000000000
31054  -47.119  -19.885  -1.920 0.0000000000
31055  -46.329  -20.761  -2.932 0.0000000000
33436  -41.577  -24.304  7.497 0.0000000000
33437  -41.953  -23.691  6.585 0.0000000000
33438  -42.430  -23.119  5.771 0.0000000000
33439  -41.504  -23.923  4.531 0.0000000000
33440  -40.911  -25.007  3.458 0.0000000000
33441  -40.486  -26.076  2.531 0.0000000000
38108  -51.093  -13.659  1.116 0.0000000000
38109  -51.605  -12.518  0.277 0.0000000000
38110  -52.055  -11.256  -0.490 0.0000000000
38111  -49.843  -13.855  -1.066 0.0000000000
38112  -50.997  -11.793  -0.966 0.0000000000
38113  -52.444  -9.818  -1.109 0.0000000000
38114  -52.942  -8.456  -1.778 0.0000000000
38115  -53.490  -7.080  -2.509 0.0000000000
38117  -52.787  -6.412  -3.733 0.0000000000
38118  -51.628  -7.491  -4.501 0.0000000000
38119  -50.863  -8.543  -5.423 0.0000000000
38120  -49.718  -12.314  -4.868 0.0000000000
38121  -49.967  -11.041  -5.580 0.0000000000
38122  -50.178  -9.705  -6.298 0.0000000000
38123  -49.507  -10.747  -7.179 0.0000000000
38131  -32.883  -30.059  12.324 0.0000000000
38132  -33.373  -29.702  11.279 0.0000000000
38133  -33.967  -29.335  10.303 0.0000000000
38134  -34.515  -29.017  9.353 0.0000000000
38143  -35.032  -28.712  8.340 0.0000000000
38144  -35.637  -28.370  7.386 0.0000000000
38145  -36.251  -28.068  6.436 0.0000000000
38146  -36.858  -27.822  5.496 0.0000000000
38147  -34.043  -27.733  5.081 0.0000000000
41492  -41.484  -25.318  2.159 0.0000000000
41493  -42.107  -24.602  2.217 0.0000000000
41494  -41.923  -25.143  1.734 0.0000000000
41495  -42.294  -24.934  1.318 0.0000000000
41496  -41.588  -25.612  1.259 0.0000000000
42092  -36.721  -27.999  9.624 0.0000000000
42093  -37.419  -27.548  9.551 0.0000000000
42094  -36.928  -27.755  9.204 0.0000000000
42095  -37.181  -27.473  8.721 0.0000000000
42096  -36.498  -28.006  8.754 0.0000000000
43363  -53.073  -14.059  2.421 0.0000000000
43364  -52.490  -14.017  2.239 0.0000000000
43365  -52.756  -13.498  1.778 0.0000000000
43366  -51.930  -14.041  2.065 0.0000000000
43367  -46.342  -20.199  -4.083 0.0000000000
43368  -46.953  -19.369  -3.958 0.0000000000
43369  -46.528  -19.694  -4.435 0.0000000000
43370  -46.687  -19.202  -4.774 0.0000000000
43371  -46.065  -20.009  -4.922 0.0000000000
45760  -45.881  -19.919  2.962 0.0000000000
45761  -46.176  -19.430  3.531 0.0000000000
45762  -46.447  -19.114  3.092 0.0000000000
45763  -47.064  -18.389  3.200 0.0000000000
45764  -46.755  -18.823  2.635 0.0000000000
45765  -47.109  -18.545  2.240 0.0000000000
45766  -46.533  -19.388  2.125 0.0000000000
45767  -44.394  -23.394  -1.234 0.0000000000
45768  -45.009  -22.689  -1.110 0.0000000000
45769  -44.641  -23.095  -1.658 0.0000000000
45770  -44.910  -22.749  -2.022 0.0000000000
47567  -38.673  -26.276  5.813 0.0000000000
47568  -39.270  -25.669  5.789 0.0000000000
47569  -38.924  -26.127  5.334 0.0000000000
47570  -39.232  -25.993  4.853 0.0000000000
47571  -38.683  -26.590  4.878 0.0000000000
51382  -48.741  -16.429  -0.163 0.0000000000
51383  -49.204  -15.486  -0.061 0.0000000000
51384  -48.968  -16.003  -0.526 0.0000000000
51385  -49.817  -13.054  -2.935 0.0000000000
51386  -50.060  -12.567  -2.490 0.0000000000
51387  -50.209  -11.924  -2.808 0.0000000000
51388  -50.679  -10.753  -2.647 0.0000000000
51389  -50.384  -11.235  -3.096 0.0000000000
51390  -50.553  -10.614  -3.429 0.0000000000
51391  -50.131  -11.743  -3.539 0.0000000000
51392  -47.507  -15.960  -6.632 0.0000000000
51393  -48.046  -14.954  -6.470 0.0000000000
51394  -47.594  -15.420  -6.952 0.0000000000
51395  -47.716  -14.790  -7.251 0.0000000000
51413  -33.225  -28.025  6.675 0.0000000000
55357  -42.494  -23.092  4.243 0.0000000000
55358  -43.229  -22.412  4.374 0.0000000000
55359  -42.840  -22.858  3.815 0.0000000000
55360  -43.344  -23.090  2.390 0.0000000000
55361  -43.568  -22.506  2.913 0.0000000000
55362  -43.969  -22.307  2.498 0.0000000000
55363  -44.618  -21.501  2.664 0.0000000000
55364  -44.368  -22.110  2.073 0.0000000000
55365  -44.726  -21.916  1.655 0.0000000000
55366  -44.139  -22.708  1.529 0.0000000000
55367  -43.048  -24.513  0.426 0.0000000000
55368  -43.690  -23.805  0.516 0.0000000000
55369  -43.424  -24.233  -0.017 0.0000000000
55370  -43.767  -24.001  -0.460 0.0000000000
55371  -43.089  -24.634  -0.549 0.0000000000
57165  -40.107  -25.724  8.690 0.0000000000
57166  -39.311  -26.106  8.685 0.0000000000
57167  -37.688  -26.996  7.748 0.0000000000
57168  -38.351  -26.489  7.747 0.0000000000
57169  -37.913  -26.828  7.252 0.0000000000
57170  -38.180  -26.633  6.719 0.0000000000
57171  -37.519  -27.189  6.794 0.0000000000
60977  -53.225  -12.293  0.839 0.0000000000
60979  -53.486  -11.620  0.417 0.0000000000
60980  -53.751  -10.906  0.014 0.0000000000
60981  -52.943  -11.659  0.270 0.0000000000
60982  -47.876  -18.487  -2.119 0.0000000000
60983  -48.346  -17.482  -1.964 0.0000000000
60984  -48.068  -18.000  -2.453 0.0000000000
60985  -48.137  -17.513  -3.629 0.0000000000
60986  -48.478  -16.948  -3.108 0.0000000000
60987  -48.645  -16.445  -3.406 0.0000000000
60988  -49.072  -15.372  -3.232 0.0000000000
60989  -48.792  -15.909  -3.737 0.0000000000
60990  -48.902  -15.332  -4.094 0.0000000000
60991  -48.463  -16.354  -4.268 0.0000000000
60992  -47.024  -18.117  -5.419 0.0000000000
60993  -47.602  -17.225  -5.243 0.0000000000
60994  -47.145  -17.596  -5.737 0.0000000000
60995  -47.280  -17.063  -6.023 0.0000000000
60996  -46.683  -17.950  -6.187 0.0000000000
64367  -35.666  -29.212  11.334 0.0000000000
64369  -35.957  -28.897  10.898 0.0000000000
64370  -36.227  -28.593  10.461 0.0000000000
64371  -35.522  -28.954  10.522 0.0000000000
68160  -44.741  -21.020  4.734 0.0000000000
68170  -48.480  -17.065  3.341 0.0000000000
68171  -49.020  -16.868  3.764 0.0000000000
68172  -49.200  -16.452  3.350 0.0000000000
68173  -49.952  -15.898  3.334 0.0000000000
68174  -49.398  -16.062  2.910 0.0000000000
68175  -49.619  -15.625  2.491 0.0000000000
68176  -48.937  -16.301  2.475 0.0000000000
68177  -47.756  -17.926  1.435 0.0000000000
68178  -48.269  -17.081  1.542 0.0000000000
68179  -48.036  -17.592  1.002 0.0000000000
68180  -48.287  -17.197  0.603 0.0000000000
68181  -47.794  -18.129  0.498 0.0000000000
68182  -45.518  -21.412  0.889 0.0000000000
68183  -46.119  -20.570  1.066 0.0000000000
68184  -45.879  -21.161  0.481 0.0000000000
68185  -46.282  -21.018  -0.788 0.0000000000
68186  -46.550  -20.491  -0.260 0.0000000000
68187  -46.836  -20.180  -0.648 0.0000000000
68188  -47.359  -19.285  -0.496 0.0000000000
68189  -47.129  -19.807  -1.039 0.0000000000
68190  -47.393  -19.432  -1.419 0.0000000000
68191  -46.856  -20.285  -1.563 0.0000000000
68192  -45.432  -21.966  -2.706 0.0000000000
68193  -46.125  -21.194  -2.580 0.0000000000
68194  -45.690  -21.565  -3.093 0.0000000000
68195  -45.891  -21.153  -3.452 0.0000000000
73582  -40.555  -25.071  7.827 0.0000000000
73583  -41.354  -24.638  7.919 0.0000000000
73584  -40.771  -24.746  7.419 0.0000000000
73585  -40.675  -24.511  5.868 0.0000000000
73586  -41.201  -24.193  6.468 0.0000000000
73587  -41.421  -23.933  6.017 0.0000000000
73588  -42.185  -23.412  6.163 0.0000000000
73589  -41.653  -23.717  5.570 0.0000000000
73590  -41.934  -23.478  5.109 0.0000000000
73591  -41.183  -24.102  4.972 0.0000000000
73592  -39.875  -25.803  3.912 0.0000000000
73593  -40.517  -25.130  3.916 0.0000000000
73594  -40.303  -25.671  3.452 0.0000000000
73595  -40.721  -25.570  3.006 0.0000000000
73596  -40.108  -26.175  3.001 0.0000000000
85027  -50.131  -14.811  1.616 0.0000000000
85028  -50.885  -14.137  1.525 0.0000000000
85029  -50.359  -14.376  1.184 0.0000000000
85030  -50.393  -13.600  0.043 0.0000000000
85031  -50.854  -13.287  0.382 0.0000000000
85032  -51.075  -12.745  -0.003 0.0000000000
85033  -51.801  -11.952  -0.062 0.0000000000
85034  -51.333  -12.131  -0.340 0.0000000000
85035  -49.165  -15.407  -1.675 0.0000000000
85036  -49.388  -14.903  -1.181 0.0000000000
85037  -49.563  -14.338  -1.505 0.0000000000
85038  -50.776  -11.499  -1.608 0.0000000000
85039  -50.576  -12.168  -1.306 0.0000000000
85040  -51.187  -11.120  -1.283 0.0000000000
85041  -51.679  -10.818  -1.013 0.0000000000
85042  -51.853  -10.079  -1.314 0.0000000000
85043  -52.690  -9.156  -1.467 0.0000000000
85044  -52.146  -9.422  -1.637 0.0000000000
85045  -52.061  -8.434  -2.565 0.0000000000
85046  -52.616  -8.107  -2.314 0.0000000000
85047  -52.903  -7.396  -2.712 0.0000000000
85050  -53.413  -5.998  -3.433 0.0000000000
85051  -52.552  -7.108  -3.337 0.0000000000
85052  -50.929  -9.382  -4.188 0.0000000000
85053  -51.495  -8.128  -4.121 0.0000000000
85054  -51.094  -8.671  -4.568 0.0000000000
85055  -51.250  -7.968  -4.961 0.0000000000
85056  -50.731  -9.210  -5.050 0.0000000000
85057  -49.153  -14.047  -4.709 0.0000000000
85058  -49.590  -12.906  -4.535 0.0000000000
85059  -49.267  -13.433  -5.039 0.0000000000
85060  -49.099  -12.799  -6.177 0.0000000000
85061  -49.509  -12.243  -5.703 0.0000000000
85062  -49.613  -11.627  -6.036 0.0000000000
85063  -50.076  -10.429  -5.933 0.0000000000
85064  -49.737  -10.978  -6.403 0.0000000000
85065  -49.845  -10.239  -6.743 0.0000000000
85066  -49.349  -11.520  -6.859 0.0000000000
85083  -31.266  -29.175  12.629 0.0000000000
85085  -31.625  -29.605  12.726 0.0000000000
85086  -32.068  -29.941  12.775 0.0000000000
85087  -32.347  -29.840  12.182 0.0000000000
85088  -33.147  -29.887  11.797 0.0000000000
85089  -32.566  -29.678  11.631 0.0000000000
85090  -32.495  -29.179  10.409 0.0000000000
85091  -33.068  -29.430  10.560 0.0000000000
85092  -33.327  -29.255  10.056 0.0000000000
85093  -34.224  -29.167  9.825 0.0000000000
85094  -33.599  -29.126  9.546 0.0000000000
85116  -34.156  -28.868  8.510 0.0000000000
85117  -34.460  -28.733  8.000 0.0000000000
85118  -35.352  -28.518  7.864 0.0000000000
85119  -34.769  -28.616  7.508 0.0000000000
85120  -34.832  -28.323  6.147 0.0000000000
85121  -35.358  -28.359  6.514 0.0000000000
85122  -35.689  -28.239  6.013 0.0000000000
85123  -36.557  -27.976  5.934 0.0000000000
85124  -35.975  -28.142  5.523 0.0000000000
93118  -41.878  -24.193  3.116 0.0000000000
93119  -42.525  -23.439  3.221 0.0000000000
93120  -42.294  -24.023  2.702 0.0000000000
93121  -42.713  -23.908  2.275 0.0000000000
93122  -43.161  -23.656  1.881 0.0000000000
93123  -43.567  -23.457  1.452 0.0000000000
93124  -42.983  -24.212  1.357 0.0000000000
93125  -42.672  -24.758  0.869 0.0000000000
93126  -42.382  -25.137  0.354 0.0000000000
94201  -38.161  -27.126  9.514 0.0000000000
94202  -38.373  -26.810  9.102 0.0000000000
94203  -38.555  -26.536  8.673 0.0000000000
94204  -37.864  -26.948  8.696 0.0000000000
94205  -37.420  -27.249  8.244 0.0000000000
94206  -37.013  -27.550  7.783 0.0000000000
96484  -53.514  -14.660  3.117 0.0000000000
96485  -54.291  -14.209  2.738 0.0000000000
96486  -53.683  -14.134  2.593 0.0000000000
96490  -53.574  -12.942  1.467 0.0000000000
96491  -53.021  -12.926  1.331 0.0000000000
96492  -52.449  -12.912  1.123 0.0000000000
96493  -47.161  -19.449  -3.118 0.0000000000
96494  -47.740  -18.483  -2.969 0.0000000000
96495  -47.362  -18.983  -3.491 0.0000000000
96496  -47.554  -18.454  -3.812 0.0000000000
96497  -47.746  -17.898  -4.132 0.0000000000
96498  -47.923  -17.346  -4.441 0.0000000000
96499  -47.291  -18.324  -4.626 0.0000000000
96500  -46.836  -18.703  -5.100 0.0000000000
96501  -46.399  -19.002  -5.572 0.0000000000
98526  -34.931  -29.529  11.390 0.0000000000
100800  -45.216  -20.423  3.836 0.0000000000
100802  -45.849  -19.710  3.968 0.0000000000
100803  -46.559  -19.053  4.087 0.0000000000
100807  -47.708  -17.695  3.293 0.0000000000
100808  -48.058  -17.348  2.867 0.0000000000
100809  -48.305  -16.989  2.432 0.0000000000
100810  -47.715  -17.729  2.359 0.0000000000
100811  -47.485  -18.188  1.868 0.0000000000
100812  -47.227  -18.797  1.314 0.0000000000
100813  -45.022  -22.498  -0.201 0.0000000000
100814  -45.657  -21.686  -0.048 0.0000000000
100815  -45.347  -22.225  -0.568 0.0000000000
100816  -45.673  -21.876  -0.946 0.0000000000
100817  -45.967  -21.516  -1.328 0.0000000000
100818  -46.281  -21.111  -1.730 0.0000000000
100819  -45.599  -21.966  -1.868 0.0000000000
100820  -45.159  -22.377  -2.363 0.0000000000
104053  -39.460  -25.492  6.698 0.0000000000
104054  -40.218  -24.977  6.809 0.0000000000
104055  -39.717  -25.286  6.281 0.0000000000
104056  -39.950  -25.072  5.797 0.0000000000
104057  -40.181  -24.918  5.280 0.0000000000
104058  -40.497  -24.733  4.867 0.0000000000
104059  -39.798  -25.373  4.829 0.0000000000
104060  -39.567  -25.886  4.371 0.0000000000
104061  -39.341  -26.374  3.925 0.0000000000
110920  -49.319  -15.476  0.797 0.0000000000
110921  -49.952  -14.655  0.864 0.0000000000
110922  -49.517  -15.032  0.409 0.0000000000
110923  -49.743  -14.503  0.068 0.0000000000
110924  -49.977  -14.007  -0.342 0.0000000000
110925  -49.517  -14.259  -2.280 0.0000000000
110926  -49.715  -13.785  -1.806 0.0000000000
110927  -49.925  -13.134  -2.140 0.0000000000
110928  -50.405  -11.957  -1.992 0.0000000000
110929  -50.968  -10.844  -1.908 0.0000000000
110930  -51.596  -9.796  -1.868 0.0000000000
110931  -51.124  -10.250  -2.202 0.0000000000
110932  -51.324  -9.583  -2.566 0.0000000000
110933  -51.521  -8.917  -2.933 0.0000000000
110934  -51.776  -8.226  -3.309 0.0000000000
110935  -51.111  -9.422  -3.347 0.0000000000
110936  -50.761  -9.993  -3.805 0.0000000000
110937  -50.449  -10.560  -4.265 0.0000000000
110938  -48.394  -15.009  -5.670 0.0000000000
110939  -48.901  -13.932  -5.517 0.0000000000
110940  -48.489  -14.447  -5.993 0.0000000000
110941  -48.582  -13.861  -6.297 0.0000000000
110942  -48.685  -13.286  -6.648 0.0000000000
110943  -48.815  -12.636  -6.981 0.0000000000
110944  -48.280  -13.712  -7.107 0.0000000000
110955  -31.022  -28.733  12.487 0.0000000000
110956  -31.441  -29.094  12.021 0.0000000000
110957  -32.010  -29.389  11.560 0.0000000000
110958  -31.638  -29.028  11.390 0.0000000000
110959  -31.839  -28.951  10.780 0.0000000000
110974  -33.434  -28.418  7.411 0.0000000000
110975  -34.237  -28.565  7.148 0.0000000000
110976  -33.686  -28.350  6.885 0.0000000000
110977  -33.980  -28.273  6.348 0.0000000000
110978  -34.285  -28.146  5.844 0.0000000000
117440  -44.282  -21.423  4.141 0.0000000000
117441  -43.186  -22.700  3.352 0.0000000000
117442  -43.859  -21.925  3.519 0.0000000000
117443  -44.564  -21.174  3.697 0.0000000000
117444  -44.927  -20.891  3.248 0.0000000000
117445  -45.273  -20.720  2.825 0.0000000000
117446  -45.620  -20.513  2.406 0.0000000000
117447  -45.989  -20.254  1.998 0.0000000000
117448  -45.370  -21.093  1.836 0.0000000000
117449  -45.124  -21.687  1.272 0.0000000000
117450  -44.889  -22.269  0.717 0.0000000000
117451  -43.922  -23.286  1.032 0.0000000000
117452  -44.298  -23.058  0.601 0.0000000000
117453  -44.683  -22.770  0.198 0.0000000000
117454  -44.398  -23.265  -0.325 0.0000000000
117455  -44.086  -23.698  -0.831 0.0000000000
119968  -40.930  -25.391  8.673 0.0000000000
119969  -40.355  -25.387  8.234 0.0000000000
119970  -39.753  -25.490  7.736 0.0000000000
119971  -38.799  -26.230  8.242 0.0000000000
119972  -39.044  -25.984  7.737 0.0000000000
119973  -39.259  -25.745  7.213 0.0000000000
119974  -38.822  -26.066  6.704 0.0000000000
119975  -38.435  -26.437  6.250 0.0000000000
119976  -38.098  -26.853  5.852 0.0000000000
125311  -48.353  -17.499  -1.115 0.0000000000
125312  -48.772  -16.529  -0.980 0.0000000000
125313  -48.574  -16.971  -1.484 0.0000000000
125314  -48.765  -16.453  -1.811 0.0000000000
125315  -48.944  -15.925  -2.139 0.0000000000
125316  -48.277  -17.475  -2.793 0.0000000000
125317  -48.723  -16.437  -2.618 0.0000000000
125318  -49.135  -15.348  -2.442 0.0000000000
125319  -49.310  -14.798  -2.751 0.0000000000
125320  -49.440  -14.271  -3.053 0.0000000000
125321  -49.575  -13.587  -3.398 0.0000000000
125322  -49.712  -12.955  -3.703 0.0000000000
125323  -49.301  -14.186  -3.898 0.0000000000
125324  -49.051  -14.672  -4.392 0.0000000000
125325  -48.695  -15.177  -4.885 0.0000000000
125326  -48.041  -16.820  -4.747 0.0000000000
125327  -48.166  -16.269  -5.077 0.0000000000
125328  -48.283  -15.642  -5.363 0.0000000000
125329  -47.844  -16.090  -5.836 0.0000000000
125330  -47.406  -16.518  -6.308 0.0000000000
125331  -46.991  -16.843  -6.784 0.0000000000
129920  -36.496  -28.269  10.050 0.0000000000
129921  -36.056  -28.410  9.665 0.0000000000
134736  -50.488  -15.906  3.672 0.0000000000
134737  -50.741  -15.448  3.214 0.0000000000
134738  -50.963  -14.985  2.723 0.0000000000
134739  -51.162  -14.516  2.267 0.0000000000
134740  -50.398  -15.046  2.409 0.0000000000
134741  -49.899  -15.218  2.054 0.0000000000
134742  -49.458  -15.516  1.642 0.0000000000
134743  -48.570  -16.626  2.017 0.0000000000
134744  -48.845  -16.276  1.604 0.0000000000
134745  -49.073  -15.869  1.178 0.0000000000
134746  -48.773  -16.325  0.728 0.0000000000
134747  -48.522  -16.815  0.262 0.0000000000
134748  -48.315  -17.321  -0.239 0.0000000000
134749  -46.334  -19.972  1.622 0.0000000000
134750  -46.675  -19.694  1.212 0.0000000000
134751  -46.996  -19.384  0.793 0.0000000000
134752  -46.229  -20.819  0.122 0.0000000000
134753  -46.771  -19.953  0.285 0.0000000000
134754  -47.277  -19.087  0.397 0.0000000000
134755  -47.554  -18.696  0.015 0.0000000000
134756  -47.841  -18.308  -0.358 0.0000000000
134757  -48.114  -17.866  -0.757 0.0000000000
134758  -47.885  -18.511  -1.260 0.0000000000
134759  -47.638  -19.002  -1.769 0.0000000000
134760  -47.329  -19.451  -2.270 0.0000000000
134761  -46.523  -20.744  -2.071 0.0000000000
134762  -46.743  -20.338  -2.424 0.0000000000
134763  -46.951  -19.901  -2.766 0.0000000000
134764  -46.535  -20.343  -3.286 0.0000000000
134765  -46.116  -20.705  -3.793 0.0000000000
141457  -41.006  -24.460  6.958 0.0000000000
141458  -41.724  -23.972  7.022 0.0000000000
141463  -42.706  -22.889  5.311 0.0000000000
141464  -42.201  -23.283  4.669 0.0000000000
141465  -41.774  -23.753  4.089 0.0000000000
141466  -40.815  -24.555  4.407 0.0000000000
141467  -41.162  -24.436  3.980 0.0000000000
141468  -41.512  -24.336  3.553 0.0000000000
141469  -41.308  -24.911  3.045 0.0000000000
141470  -41.125  -25.456  2.562 0.0000000000
141471  -40.889  -25.992  2.097 0.0000000000
155282  -51.420  -14.025  1.829 0.0000000000
155283  -51.656  -13.489  1.363 0.0000000000
155284  -51.899  -12.965  0.921 0.0000000000
155285  -50.625  -13.870  0.793 0.0000000000
155286  -51.370  -13.097  0.697 0.0000000000
155287  -52.183  -12.361  0.500 0.0000000000
155288  -52.390  -11.762  0.116 0.0000000000
155289  -52.608  -11.075  -0.305 0.0000000000
155290  -52.837  -10.343  -0.706 0.0000000000
155291  -49.181  -15.489  -0.871 0.0000000000
155292  -49.634  -14.456  -0.757 0.0000000000
155293  -50.181  -13.451  -0.690 0.0000000000
155294  -49.998  -13.235  -1.370 0.0000000000
155295  -50.409  -12.822  -0.991 0.0000000000
155296  -50.869  -12.448  -0.650 0.0000000000
155297  -51.520  -11.498  -0.689 0.0000000000
155298  -52.249  -10.573  -0.809 0.0000000000
155299  -53.038  -9.665  -0.977 0.0000000000
155300  -53.237  -8.982  -1.319 0.0000000000
155301  -53.489  -8.287  -1.669 0.0000000000
155302  -53.763  -7.565  -1.986 0.0000000000
155303  -52.358  -8.783  -1.949 0.0000000000
155304  -53.175  -7.819  -2.120 0.0000000000
155305  -54.104  -6.831  -2.350 0.0000000000
155312  -51.983  -7.568  -3.710 0.0000000000
155313  -52.174  -6.909  -4.101 0.0000000000
155318  -49.870  -12.306  -4.015 0.0000000000
155319  -49.999  -11.739  -4.369 0.0000000000
155320  -50.149  -11.097  -4.729 0.0000000000
155321  -49.405  -12.878  -5.374 0.0000000000
155322  -49.876  -11.676  -5.235 0.0000000000
155323  -50.296  -10.439  -5.116 0.0000000000
155324  -50.359  -9.840  -5.517 0.0000000000
155325  -50.510  -9.136  -5.862 0.0000000000
155326  -50.612  -8.429  -6.207 0.0000000000
155327  -50.276  -9.018  -6.637 0.0000000000
155328  -49.956  -9.560  -7.073 0.0000000000
155330  -48.935  -12.050  -7.299 0.0000000000
155331  -49.075  -11.349  -7.621 0.0000000000
155352  -32.563  -30.202  12.863 0.0000000000
155355  -33.993  -29.819  11.521 0.0000000000
155356  -34.322  -29.560  11.058 0.0000000000
155357  -32.791  -29.536  11.110 0.0000000000
155358  -33.681  -29.539  10.784 0.0000000000
155359  -34.616  -29.322  10.608 0.0000000000
155360  -34.942  -29.079  10.147 0.0000000000
155361  -35.230  -28.849  9.710 0.0000000000
155362  -35.401  -28.690  9.264 0.0000000000
155387  -33.894  -29.024  9.020 0.0000000000
155388  -34.753  -28.854  8.863 0.0000000000
155389  -35.652  -28.503  8.783 0.0000000000
155390  -35.935  -28.304  8.286 0.0000000000
155391  -36.207  -28.129  7.832 0.0000000000
155392  -36.489  -27.930  7.331 0.0000000000
155393  -35.056  -28.459  7.011 0.0000000000
155394  -35.959  -28.215  6.917 0.0000000000
155395  -36.777  -27.764  6.861 0.0000000000
155396  -37.065  -27.627  6.404 0.0000000000
155397  -37.354  -27.460  5.917 0.0000000000
155398  -37.656  -27.339  5.441 0.0000000000
155400  -33.759  -27.833  5.600 0.0000000000
155401  -34.562  -28.080  5.335 0.0000000000
155402  -34.396  -27.683  4.558 0.0000000000
155403  -34.896  -27.995  4.850 0.0000000000
155404  -35.421  -28.148  5.171 0.0000000000
155407  -37.979  -27.236  4.921 0.0000000000
155408  -38.296  -27.108  4.420 0.0000000000
155409  -38.642  -27.011  3.944 0.0000000000
155410  -39.010  -26.887  3.471 0.0000000000
155413  -39.393  -26.777  3.006 0.0000000000
155414  -39.751  -26.702  2.498 0.0000000000
155415  -40.107  -26.567  2.035 0.0000000000
155416  -40.461  -26.452  1.593 0.0000000000
155497  -40.807  -26.260  1.131 0.0000000000
155498  -41.199  -26.020  0.698 0.0000000000
155499  -41.608  -25.774  0.222 0.0000000000
155500  -41.951  -25.523  -0.228 0.0000000000
155503  -42.275  -25.315  -0.691 0.0000000000
