#!ascii label  , from subject fsaverage vox2ras=TkReg
311
610  -49.269  8.453  -23.006 0.0000000000
1359  -50.218  9.020  -17.145 0.0000000000
1360  -47.142  12.271  -22.771 0.0000000000
2465  -53.015  6.195  -16.555 0.0000000000
3278  -45.972  6.877  -22.059 0.0000000000
3279  -47.205  9.861  -20.899 0.0000000000
3280  -45.560  11.524  -23.379 0.0000000000
3877  -54.371  2.271  -14.559 0.0000000000
5516  -50.467  9.770  -19.708 0.0000000000
5517  -51.844  8.191  -16.697 0.0000000000
5518  -51.241  7.373  -19.663 0.0000000000
5519  -51.164  4.416  -20.029 0.0000000000
5520  -49.149  5.488  -23.133 0.0000000000
7053  -49.709  5.180  -16.356 0.0000000000
7054  -48.437  7.913  -18.559 0.0000000000
7055  -48.817  10.899  -19.962 0.0000000000
7056  -48.741  11.146  -22.807 0.0000000000
9949  -51.244  6.787  -14.687 0.0000000000
9950  -52.875  6.873  -13.679 0.0000000000
9951  -54.192  5.092  -13.885 0.0000000000
9952  -53.103  3.082  -17.375 0.0000000000
10958  -45.303  7.786  -23.032 0.0000000000
10959  -45.817  9.394  -22.605 0.0000000000
10960  -44.963  10.142  -23.701 0.0000000000
13196  -50.177  9.363  -21.376 0.0000000000
13197  -51.001  8.754  -19.589 0.0000000000
13198  -50.340  7.960  -21.362 0.0000000000
13199  -50.286  6.468  -21.423 0.0000000000
13200  -49.227  6.965  -23.228 0.0000000000
15594  -48.374  5.216  -18.258 0.0000000000
15595  -47.739  6.472  -19.319 0.0000000000
15596  -47.140  11.394  -21.671 0.0000000000
15597  -47.971  10.709  -20.352 0.0000000000
15598  -48.040  11.584  -21.411 0.0000000000
15599  -48.934  11.332  -21.247 0.0000000000
15600  -48.037  11.845  -22.666 0.0000000000
22306  -49.961  7.582  -16.608 0.0000000000
22307  -50.504  6.314  -15.580 0.0000000000
22308  -50.733  7.965  -16.023 0.0000000000
22309  -52.521  7.353  -16.523 0.0000000000
22310  -52.459  7.528  -15.146 0.0000000000
22311  -53.188  6.861  -15.034 0.0000000000
22312  -53.639  6.206  -13.701 0.0000000000
22313  -53.680  5.627  -15.081 0.0000000000
22314  -53.854  4.179  -15.524 0.0000000000
22315  -53.120  4.641  -17.000 0.0000000000
24332  -46.601  5.933  -21.045 0.0000000000
24333  -47.202  7.546  -20.470 0.0000000000
24334  -46.573  8.520  -21.517 0.0000000000
24335  -46.453  10.704  -22.085 0.0000000000
24336  -46.325  12.135  -23.001 0.0000000000
28360  -50.482  9.678  -18.179 0.0000000000
28361  -51.115  8.873  -16.921 0.0000000000
28362  -51.274  9.055  -18.054 0.0000000000
28363  -51.753  8.046  -18.031 0.0000000000
28364  -52.124  6.768  -18.160 0.0000000000
28365  -52.282  5.258  -18.474 0.0000000000
28366  -51.325  5.917  -19.910 0.0000000000
28367  -50.078  4.988  -21.472 0.0000000000
28368  -48.845  3.886  -23.308 0.0000000000
31816  -48.905  3.788  -17.207 0.0000000000
31817  -49.064  6.553  -17.491 0.0000000000
31818  -49.229  8.828  -17.803 0.0000000000
31819  -47.809  8.926  -19.723 0.0000000000
31820  -48.548  9.757  -19.072 0.0000000000
31821  -49.475  9.979  -18.523 0.0000000000
31822  -49.626  10.534  -19.823 0.0000000000
31823  -49.667  10.514  -21.290 0.0000000000
31824  -49.166  9.914  -22.936 0.0000000000
40084  -51.616  7.898  -15.556 0.0000000000
40085  -52.000  7.051  -14.117 0.0000000000
40088  -54.049  5.500  -12.390 0.0000000000
40089  -54.738  4.483  -12.590 0.0000000000
40090  -54.413  3.663  -14.208 0.0000000000
40091  -53.743  2.597  -15.982 0.0000000000
40093  -52.100  3.638  -18.591 0.0000000000
41679  -45.155  8.983  -23.337 0.0000000000
43916  -49.771  8.955  -22.202 0.0000000000
43917  -50.198  8.668  -21.384 0.0000000000
43918  -49.762  8.198  -22.233 0.0000000000
43919  -49.841  7.485  -22.264 0.0000000000
43920  -49.316  7.668  -23.027 0.0000000000
46316  -47.131  11.926  -22.214 0.0000000000
46317  -47.579  11.548  -21.523 0.0000000000
46318  -47.576  11.927  -22.133 0.0000000000
46319  -48.068  11.803  -21.997 0.0000000000
46320  -47.579  12.149  -22.717 0.0000000000
53026  -50.045  8.437  -16.805 0.0000000000
53027  -50.352  7.859  -16.285 0.0000000000
53028  -50.486  8.571  -16.608 0.0000000000
53029  -52.797  6.841  -16.526 0.0000000000
53030  -52.871  7.090  -15.769 0.0000000000
53031  -53.197  6.550  -15.706 0.0000000000
53032  -53.448  6.290  -15.024 0.0000000000
53033  -53.404  5.953  -15.755 0.0000000000
53034  -53.444  5.147  -16.033 0.0000000000
53035  -53.109  5.462  -16.745 0.0000000000
55913  -46.306  6.357  -21.533 0.0000000000
55914  -46.613  7.267  -21.314 0.0000000000
55915  -46.268  7.702  -21.801 0.0000000000
55916  -45.682  10.517  -22.943 0.0000000000
55917  -46.130  10.105  -22.341 0.0000000000
55918  -46.027  11.074  -22.699 0.0000000000
55919  -46.363  11.570  -22.577 0.0000000000
55920  -45.958  11.894  -23.168 0.0000000000
57708  -54.730  2.207  -13.789 0.0000000000
57709  -54.640  1.575  -13.968 0.0000000000
57710  -54.255  1.675  -14.729 0.0000000000
57712  -53.874  1.716  -15.576 0.0000000000
62626  -50.505  9.792  -18.943 0.0000000000
62627  -50.926  9.449  -18.126 0.0000000000
62628  -50.907  9.437  -18.806 0.0000000000
62629  -51.188  8.062  -19.570 0.0000000000
62630  -51.405  8.403  -18.759 0.0000000000
62631  -51.576  7.760  -18.793 0.0000000000
62632  -52.042  7.446  -18.019 0.0000000000
62633  -51.723  7.035  -18.909 0.0000000000
62634  -51.778  6.342  -19.053 0.0000000000
62635  -51.340  6.608  -19.776 0.0000000000
62636  -49.741  5.960  -22.258 0.0000000000
62637  -50.233  5.705  -21.452 0.0000000000
62638  -49.604  5.215  -22.307 0.0000000000
62639  -49.468  4.472  -22.279 0.0000000000
62640  -49.125  4.730  -23.024 0.0000000000
69821  -48.396  6.674  -18.436 0.0000000000
69822  -48.711  6.021  -17.871 0.0000000000
69823  -48.767  7.302  -17.990 0.0000000000
69824  -49.149  7.809  -17.586 0.0000000000
69825  -48.819  8.375  -18.128 0.0000000000
69826  -47.217  8.791  -20.667 0.0000000000
69827  -47.490  8.285  -20.098 0.0000000000
69828  -47.521  9.413  -20.298 0.0000000000
69829  -48.375  10.862  -20.158 0.0000000000
69830  -48.259  10.266  -19.742 0.0000000000
69831  -48.665  10.415  -19.497 0.0000000000
69832  -48.970  9.934  -18.805 0.0000000000
69833  -49.123  10.432  -19.266 0.0000000000
69834  -49.588  10.295  -19.107 0.0000000000
69835  -49.224  10.782  -19.876 0.0000000000
69836  -48.916  11.318  -21.982 0.0000000000
69837  -49.346  10.996  -21.264 0.0000000000
69838  -49.245  10.844  -22.035 0.0000000000
69839  -49.515  10.292  -22.088 0.0000000000
69840  -49.068  10.582  -22.818 0.0000000000
89958  -49.933  4.524  -15.828 0.0000000000
89959  -50.891  6.617  -15.093 0.0000000000
89960  -50.729  5.602  -14.933 0.0000000000
89961  -51.062  6.007  -14.416 0.0000000000
89963  -51.394  6.250  -14.019 0.0000000000
89964  -51.513  8.608  -16.828 0.0000000000
89965  -51.354  8.414  -16.243 0.0000000000
89966  -51.791  8.132  -16.073 0.0000000000
89967  -52.684  7.209  -14.381 0.0000000000
89968  -52.247  7.373  -14.576 0.0000000000
89969  -52.431  6.985  -13.804 0.0000000000
89970  -52.168  6.585  -13.416 0.0000000000
89971  -52.581  6.573  -13.165 0.0000000000
89973  -53.000  6.453  -13.023 0.0000000000
89974  -53.948  5.682  -13.703 0.0000000000
89975  -53.848  5.864  -13.030 0.0000000000
89976  -54.165  5.399  -13.054 0.0000000000
89977  -54.418  5.052  -12.455 0.0000000000
89978  -54.426  4.781  -13.274 0.0000000000
89979  -54.613  4.133  -13.261 0.0000000000
89980  -54.344  4.379  -14.031 0.0000000000
89981  -53.514  3.609  -16.464 0.0000000000
89982  -53.801  3.419  -15.748 0.0000000000
89983  -53.450  2.837  -16.710 0.0000000000
89984  -53.306  2.051  -16.959 0.0000000000
89985  -52.964  2.284  -17.626 0.0000000000
89986  -51.752  4.816  -19.298 0.0000000000
89987  -52.200  4.447  -18.531 0.0000000000
89988  -51.613  4.025  -19.307 0.0000000000
93452  -45.624  7.368  -22.559 0.0000000000
93453  -45.935  8.188  -22.328 0.0000000000
93454  -45.551  8.569  -22.811 0.0000000000
93455  -45.410  9.754  -23.127 0.0000000000
93456  -45.276  10.851  -23.482 0.0000000000
94531  -54.790  2.773  -13.636 0.0000000000
97480  -50.361  9.671  -20.536 0.0000000000
97481  -50.784  9.332  -19.641 0.0000000000
97482  -50.596  9.089  -20.565 0.0000000000
97483  -50.744  8.409  -20.466 0.0000000000
97484  -50.819  7.642  -20.467 0.0000000000
97485  -50.824  6.947  -20.514 0.0000000000
97486  -50.367  7.233  -21.376 0.0000000000
97487  -49.764  6.742  -22.325 0.0000000000
97488  -49.225  6.238  -23.164 0.0000000000
101798  -48.063  5.811  -18.764 0.0000000000
101799  -48.074  7.222  -18.952 0.0000000000
101800  -47.180  10.710  -21.244 0.0000000000
101801  -47.573  10.305  -20.530 0.0000000000
101802  -47.573  11.031  -21.002 0.0000000000
101803  -48.011  11.204  -20.797 0.0000000000
101804  -48.447  11.278  -20.750 0.0000000000
101805  -48.880  11.193  -20.572 0.0000000000
101806  -48.499  11.483  -21.300 0.0000000000
101807  -48.521  11.556  -21.945 0.0000000000
101808  -48.434  11.551  -22.748 0.0000000000
113878  -49.827  6.446  -16.483 0.0000000000
113879  -50.099  5.767  -15.959 0.0000000000
113880  -50.239  6.930  -16.128 0.0000000000
113881  -50.627  7.272  -15.719 0.0000000000
113882  -51.017  7.336  -15.386 0.0000000000
113883  -52.213  7.786  -16.521 0.0000000000
113884  -52.155  7.819  -15.900 0.0000000000
113885  -52.546  7.483  -15.784 0.0000000000
113886  -52.858  7.283  -15.004 0.0000000000
113887  -53.085  6.962  -14.337 0.0000000000
113888  -53.274  6.617  -13.684 0.0000000000
113889  -53.410  6.542  -14.381 0.0000000000
113890  -53.717  5.974  -14.307 0.0000000000
113891  -53.949  5.387  -14.502 0.0000000000
113892  -54.102  4.664  -14.683 0.0000000000
113893  -53.790  4.913  -15.308 0.0000000000
113894  -53.504  4.385  -16.267 0.0000000000
113895  -53.117  3.820  -17.146 0.0000000000
113897  -50.957  3.621  -20.134 0.0000000000
118214  -46.893  5.371  -20.518 0.0000000000
118215  -47.197  6.230  -20.249 0.0000000000
118216  -46.924  6.742  -20.802 0.0000000000
118217  -46.905  8.023  -20.996 0.0000000000
118218  -46.879  9.241  -21.208 0.0000000000
118219  -46.174  8.930  -22.058 0.0000000000
118220  -46.530  9.708  -21.769 0.0000000000
118221  -46.837  10.266  -21.495 0.0000000000
118222  -46.780  11.147  -21.904 0.0000000000
118223  -46.730  11.776  -22.315 0.0000000000
118224  -46.722  12.333  -22.888 0.0000000000
127612  -50.385  9.463  -17.629 0.0000000000
127613  -50.675  9.042  -17.039 0.0000000000
127614  -50.853  9.318  -17.538 0.0000000000
127615  -51.245  9.059  -17.502 0.0000000000
127616  -51.569  8.665  -17.442 0.0000000000
127617  -51.184  8.986  -18.781 0.0000000000
127618  -51.566  8.654  -18.023 0.0000000000
127619  -51.858  8.165  -17.331 0.0000000000
127620  -52.159  7.665  -17.257 0.0000000000
127621  -52.398  7.126  -17.321 0.0000000000
127622  -52.590  6.494  -17.342 0.0000000000
127623  -52.703  5.782  -17.507 0.0000000000
127624  -52.249  6.072  -18.276 0.0000000000
127625  -51.825  5.630  -19.179 0.0000000000
127626  -51.289  5.186  -19.976 0.0000000000
127627  -50.859  6.202  -20.550 0.0000000000
127628  -50.758  5.483  -20.672 0.0000000000
136825  -48.660  4.508  -17.703 0.0000000000
136826  -49.043  5.272  -17.342 0.0000000000
136827  -49.424  5.896  -16.906 0.0000000000
136828  -49.437  7.234  -17.075 0.0000000000
136829  -49.607  8.220  -17.163 0.0000000000
136830  -49.753  8.956  -17.424 0.0000000000
136831  -47.456  7.030  -19.894 0.0000000000
136832  -47.784  7.719  -19.488 0.0000000000
136833  -48.074  8.480  -19.158 0.0000000000
136834  -47.878  9.905  -20.001 0.0000000000
136835  -48.164  9.437  -19.406 0.0000000000
136836  -48.468  8.916  -18.718 0.0000000000
136837  -48.878  9.278  -18.367 0.0000000000
136838  -49.355  9.488  -18.137 0.0000000000
136839  -49.920  9.460  -17.786 0.0000000000
136840  -50.044  9.807  -18.279 0.0000000000
136841  -50.056  10.062  -19.005 0.0000000000
136842  -50.087  10.169  -19.758 0.0000000000
136843  -49.288  10.989  -20.584 0.0000000000
136844  -49.699  10.630  -20.519 0.0000000000
136845  -50.060  10.129  -20.590 0.0000000000
136846  -49.973  9.949  -21.348 0.0000000000
136847  -49.708  9.593  -22.190 0.0000000000
136848  -49.248  9.164  -22.980 0.0000000000
148352  -45.400  6.716  -22.761 0.0000000000
161200  -50.355  5.145  -15.441 0.0000000000
161201  -50.458  4.338  -14.856 0.0000000000
161206  -50.918  8.536  -16.428 0.0000000000
161207  -51.147  7.948  -15.784 0.0000000000
161208  -51.395  7.425  -15.066 0.0000000000
161209  -52.031  7.755  -15.326 0.0000000000
161210  -51.821  7.470  -14.823 0.0000000000
161211  -51.589  6.970  -14.358 0.0000000000
161212  -51.752  6.488  -13.657 0.0000000000
161218  -53.459  6.223  -13.004 0.0000000000
161220  -53.849  5.439  -11.744 0.0000000000
161221  -54.290  5.116  -11.725 0.0000000000
161222  -54.767  4.743  -11.776 0.0000000000
161223  -55.093  4.169  -11.948 0.0000000000
161224  -54.947  3.847  -12.718 0.0000000000
161225  -54.760  3.473  -13.489 0.0000000000
161226  -54.437  2.965  -14.362 0.0000000000
161227  -54.134  3.905  -14.907 0.0000000000
161228  -54.089  3.135  -15.111 0.0000000000
161229  -54.026  2.422  -15.312 0.0000000000
161230  -53.649  1.859  -16.287 0.0000000000
161233  -52.768  4.944  -17.704 0.0000000000
161234  -52.670  4.110  -17.866 0.0000000000
161236  -51.442  3.269  -19.434 0.0000000000
161259  -46.712  12.668  -23.528 0.0000000000
161268  -47.101  12.493  -23.536 0.0000000000
161269  -47.544  12.225  -23.449 0.0000000000
161270  -47.923  11.859  -23.494 0.0000000000
161271  -48.240  11.375  -23.507 0.0000000000
161274  -48.519  10.792  -23.509 0.0000000000
161275  -48.706  10.113  -23.538 0.0000000000
161276  -48.648  9.353  -23.658 0.0000000000
161277  -48.720  8.624  -23.642 0.0000000000
161304  -48.733  7.877  -23.818 0.0000000000
161305  -48.760  7.116  -23.954 0.0000000000
161306  -48.804  6.385  -23.972 0.0000000000
161307  -48.760  5.620  -23.952 0.0000000000
161310  -48.659  4.816  -23.952 0.0000000000
161311  -48.522  4.038  -24.101 0.0000000000
161312  -48.332  3.235  -24.332 0.0000000000
